"x","y","z","mean"
5.000000000000000000e+00,-7.999999999999998224e-01,0.000000000000000000e+00,1.562551105358403980e+01
5.400000000000000355e+00,-7.999999999999998224e-01,0.000000000000000000e+00,1.582965897846740511e+01
4.599999999999999645e+00,-3.999999999999999112e-01,0.000000000000000000e+00,1.501787788662731948e+01
5.000000000000000000e+00,-3.999999999999999112e-01,0.000000000000000000e+00,1.683383138503892695e+01
5.400000000000000355e+00,-3.999999999999999112e-01,0.000000000000000000e+00,1.713684071861572278e+01
5.800000000000000711e+00,-3.999999999999999112e-01,0.000000000000000000e+00,1.569326126841267133e+01
4.599999999999999645e+00,0.000000000000000000e+00,0.000000000000000000e+00,1.548849502463973238e+01
5.000000000000000000e+00,0.000000000000000000e+00,0.000000000000000000e+00,1.746637827283472078e+01
5.400000000000000355e+00,0.000000000000000000e+00,0.000000000000000000e+00,1.761462978936236823e+01
5.800000000000000711e+00,0.000000000000000000e+00,0.000000000000000000e+00,1.557183004467057330e+01
4.599999999999999645e+00,4.000000000000003553e-01,0.000000000000000000e+00,1.572096286343639449e+01
5.000000000000000000e+00,4.000000000000003553e-01,0.000000000000000000e+00,1.724292515835584183e+01
5.400000000000000355e+00,4.000000000000003553e-01,0.000000000000000000e+00,1.688738511501285799e+01
4.599999999999999645e+00,8.000000000000002665e-01,0.000000000000000000e+00,1.571365013917798059e+01
5.000000000000000000e+00,8.000000000000002665e-01,0.000000000000000000e+00,1.631215279738356116e+01
5.400000000000000355e+00,8.000000000000002665e-01,0.000000000000000000e+00,1.534589427342945811e+01
4.599999999999999645e+00,1.200000000000000178e+00,0.000000000000000000e+00,1.538765418890438319e+01
5.000000000000000000e+00,1.200000000000000178e+00,0.000000000000000000e+00,1.504944905179428538e+01
5.000000000000000000e+00,-1.199999999999999956e+00,4.000000000000000222e-01,1.603951343642812333e+01
5.400000000000000355e+00,-1.199999999999999956e+00,4.000000000000000222e-01,1.622910877878229385e+01
5.800000000000000711e+00,-1.199999999999999956e+00,4.000000000000000222e-01,1.512315280864166844e+01
4.599999999999999645e+00,-7.999999999999998224e-01,4.000000000000000222e-01,1.600268658956294487e+01
5.000000000000000000e+00,-7.999999999999998224e-01,4.000000000000000222e-01,1.865324279170752320e+01
5.400000000000000355e+00,-7.999999999999998224e-01,4.000000000000000222e-01,1.927332542303528129e+01
5.800000000000000711e+00,-7.999999999999998224e-01,4.000000000000000222e-01,1.744601964965714913e+01
6.200000000000000178e+00,-7.999999999999998224e-01,4.000000000000000222e-01,1.501447586951186253e+01
7.400000000000000355e+00,-7.999999999999998224e-01,4.000000000000000222e-01,1.527942774072899113e+01
7.800000000000000711e+00,-7.999999999999998224e-01,4.000000000000000222e-01,1.559080752711026285e+01
8.199999999999999289e+00,-7.999999999999998224e-01,4.000000000000000222e-01,1.515190695145558841e+01
4.599999999999999645e+00,-3.999999999999999112e-01,4.000000000000000222e-01,1.723095715838919517e+01
5.000000000000000000e+00,-3.999999999999999112e-01,4.000000000000000222e-01,2.156493723190178002e+01
5.400000000000000355e+00,-3.999999999999999112e-01,4.000000000000000222e-01,2.292639081337162210e+01
5.800000000000000711e+00,-3.999999999999999112e-01,4.000000000000000222e-01,2.012352393140483287e+01
6.200000000000000178e+00,-3.999999999999999112e-01,4.000000000000000222e-01,1.636373134255767781e+01
7.000000000000000000e+00,-3.999999999999999112e-01,4.000000000000000222e-01,1.509157751992236740e+01
7.400000000000000355e+00,-3.999999999999999112e-01,4.000000000000000222e-01,1.615296922650576050e+01
7.800000000000000711e+00,-3.999999999999999112e-01,4.000000000000000222e-01,1.610433405105514026e+01
8.199999999999999289e+00,-3.999999999999999112e-01,4.000000000000000222e-01,1.533197260727530953e+01
4.599999999999999645e+00,0.000000000000000000e+00,4.000000000000000222e-01,1.796829124992933302e+01
5.000000000000000000e+00,0.000000000000000000e+00,4.000000000000000222e-01,2.330032463689368427e+01
5.400000000000000355e+00,0.000000000000000000e+00,4.000000000000000222e-01,2.506449040491154534e+01
5.800000000000000711e+00,0.000000000000000000e+00,4.000000000000000222e-01,2.115773952301681504e+01
6.200000000000000178e+00,0.000000000000000000e+00,4.000000000000000222e-01,1.585455705818469241e+01
4.599999999999999645e+00,4.000000000000003553e-01,4.000000000000000222e-01,1.831609057027273479e+01
5.000000000000000000e+00,4.000000000000003553e-01,4.000000000000000222e-01,2.292576558914549167e+01
5.400000000000000355e+00,4.000000000000003553e-01,4.000000000000000222e-01,2.399433311719257134e+01
5.800000000000000711e+00,4.000000000000003553e-01,4.000000000000000222e-01,1.946426435001966482e+01
4.200000000000000178e+00,8.000000000000002665e-01,4.000000000000000222e-01,1.572823433619249656e+01
4.599999999999999645e+00,8.000000000000002665e-01,4.000000000000000222e-01,1.839306999531749653e+01
5.000000000000000000e+00,8.000000000000002665e-01,4.000000000000000222e-01,2.085549777166466257e+01
5.400000000000000355e+00,8.000000000000002665e-01,4.000000000000000222e-01,2.049082973139403663e+01
5.800000000000000711e+00,8.000000000000002665e-01,4.000000000000000222e-01,1.639752969545798678e+01
3.800000000000000266e+00,1.200000000000000178e+00,4.000000000000000222e-01,1.533938271974133016e+01
4.200000000000000178e+00,1.200000000000000178e+00,4.000000000000000222e-01,1.685688154553539420e+01
4.599999999999999645e+00,1.200000000000000178e+00,4.000000000000000222e-01,1.793473579302908050e+01
5.000000000000000000e+00,1.200000000000000178e+00,4.000000000000000222e-01,1.809501925965202318e+01
5.400000000000000355e+00,1.200000000000000178e+00,4.000000000000000222e-01,1.661169846897975688e+01
3.800000000000000266e+00,1.600000000000000089e+00,4.000000000000000222e-01,1.607900374468450622e+01
4.200000000000000178e+00,1.600000000000000089e+00,4.000000000000000222e-01,1.692698954762610342e+01
4.599999999999999645e+00,1.600000000000000089e+00,4.000000000000000222e-01,1.677677875509484551e+01
5.000000000000000000e+00,1.600000000000000089e+00,4.000000000000000222e-01,1.563432599822032110e+01
3.800000000000000266e+00,2.000000000000000000e+00,4.000000000000000222e-01,1.574012844591640992e+01
4.200000000000000178e+00,2.000000000000000000e+00,4.000000000000000222e-01,1.601017870106801411e+01
4.599999999999999645e+00,2.000000000000000000e+00,4.000000000000000222e-01,1.532604288655575608e+01
5.000000000000000000e+00,-1.600000000000000089e+00,8.000000000000000444e-01,1.528516126711877554e+01
5.400000000000000355e+00,-1.600000000000000089e+00,8.000000000000000444e-01,1.541923472394687344e+01
4.599999999999999645e+00,-1.199999999999999956e+00,8.000000000000000444e-01,1.589735580306812501e+01
5.000000000000000000e+00,-1.199999999999999956e+00,8.000000000000000444e-01,1.808031773981930712e+01
5.400000000000000355e+00,-1.199999999999999956e+00,8.000000000000000444e-01,1.842195330099729489e+01
5.800000000000000711e+00,-1.199999999999999956e+00,8.000000000000000444e-01,1.670945531470401235e+01
4.599999999999999645e+00,-7.999999999999998224e-01,8.000000000000000444e-01,1.813424137040106388e+01
5.000000000000000000e+00,-7.999999999999998224e-01,8.000000000000000444e-01,2.310603937550355624e+01
5.400000000000000355e+00,-7.999999999999998224e-01,8.000000000000000444e-01,2.448081246720591153e+01
5.800000000000000711e+00,-7.999999999999998224e-01,8.000000000000000444e-01,2.117619825616120011e+01
6.200000000000000178e+00,-7.999999999999998224e-01,8.000000000000000444e-01,1.678048511552158573e+01
7.000000000000000000e+00,-7.999999999999998224e-01,8.000000000000000444e-01,1.503516257542669621e+01
7.400000000000000355e+00,-7.999999999999998224e-01,8.000000000000000444e-01,1.644746799703648321e+01
7.800000000000000711e+00,-7.999999999999998224e-01,8.000000000000000444e-01,1.675698475035433077e+01
8.199999999999999289e+00,-7.999999999999998224e-01,8.000000000000000444e-01,1.605092559476872083e+01
8.600000000000001421e+00,-7.999999999999998224e-01,8.000000000000000444e-01,1.502285529472495185e+01
4.599999999999999645e+00,-3.999999999999999112e-01,8.000000000000000444e-01,2.017453504909558148e+01
5.000000000000000000e+00,-3.999999999999999112e-01,8.000000000000000444e-01,2.999125735711218610e+01
5.400000000000000355e+00,-3.999999999999999112e-01,8.000000000000000444e-01,3.393789091330354069e+01
5.800000000000000711e+00,-3.999999999999999112e-01,8.000000000000000444e-01,2.804996997192866459e+01
6.200000000000000178e+00,-3.999999999999999112e-01,8.000000000000000444e-01,2.054507600227513819e+01
6.600000000000000533e+00,-3.999999999999999112e-01,8.000000000000000444e-01,1.705021862262606192e+01
7.000000000000000000e+00,-3.999999999999999112e-01,8.000000000000000444e-01,1.776844200940477947e+01
7.400000000000000355e+00,-3.999999999999999112e-01,8.000000000000000444e-01,1.891977955278336765e+01
7.800000000000000711e+00,-3.999999999999999112e-01,8.000000000000000444e-01,1.814009261145510621e+01
8.199999999999999289e+00,-3.999999999999999112e-01,8.000000000000000444e-01,1.664173732946465023e+01
8.600000000000001421e+00,-3.999999999999999112e-01,8.000000000000000444e-01,1.523535785763867700e+01
4.599999999999999645e+00,0.000000000000000000e+00,8.000000000000000444e-01,2.095711723469657883e+01
5.000000000000000000e+00,0.000000000000000000e+00,8.000000000000000444e-01,3.438300038588936758e+01
5.400000000000000355e+00,0.000000000000000000e+00,8.000000000000000444e-01,4.130195402645674108e+01
5.800000000000000711e+00,0.000000000000000000e+00,8.000000000000000444e-01,3.292686394362811342e+01
6.200000000000000178e+00,0.000000000000000000e+00,8.000000000000000444e-01,2.181727029773431781e+01
6.600000000000000533e+00,0.000000000000000000e+00,8.000000000000000444e-01,1.621987381524271754e+01
7.000000000000000000e+00,0.000000000000000000e+00,8.000000000000000444e-01,1.612169916397635916e+01
7.400000000000000355e+00,0.000000000000000000e+00,8.000000000000000444e-01,1.723547894183723983e+01
7.800000000000000711e+00,0.000000000000000000e+00,8.000000000000000444e-01,1.662733632529060657e+01
8.199999999999999289e+00,0.000000000000000000e+00,8.000000000000000444e-01,1.556083898634937590e+01
4.599999999999999645e+00,4.000000000000003553e-01,8.000000000000000444e-01,2.112340895140007291e+01
5.000000000000000000e+00,4.000000000000003553e-01,8.000000000000000444e-01,3.320600224952610091e+01
5.400000000000000355e+00,4.000000000000003553e-01,8.000000000000000444e-01,3.986503982719248995e+01
5.800000000000000711e+00,4.000000000000003553e-01,8.000000000000000444e-01,3.102684595842841020e+01
6.200000000000000178e+00,4.000000000000003553e-01,8.000000000000000444e-01,1.879395452419950985e+01
4.200000000000000178e+00,8.000000000000002665e-01,8.000000000000000444e-01,1.666455041819465421e+01
4.599999999999999645e+00,8.000000000000002665e-01,8.000000000000000444e-01,2.132079723577839303e+01
5.000000000000000000e+00,8.000000000000002665e-01,8.000000000000000444e-01,2.831583887000592981e+01
5.400000000000000355e+00,8.000000000000002665e-01,8.000000000000000444e-01,3.107800576209156063e+01
5.800000000000000711e+00,8.000000000000002665e-01,8.000000000000000444e-01,2.435462912930708157e+01
6.200000000000000178e+00,8.000000000000002665e-01,8.000000000000000444e-01,1.515932000121444112e+01
3.800000000000000266e+00,1.200000000000000178e+00,8.000000000000000444e-01,1.673112415453393709e+01
4.200000000000000178e+00,1.200000000000000178e+00,8.000000000000000444e-01,1.901476304654620364e+01
4.599999999999999645e+00,1.200000000000000178e+00,8.000000000000000444e-01,2.098783454893926503e+01
5.000000000000000000e+00,1.200000000000000178e+00,8.000000000000000444e-01,2.239633217466536053e+01
5.400000000000000355e+00,1.200000000000000178e+00,8.000000000000000444e-01,2.145589820880191212e+01
5.800000000000000711e+00,1.200000000000000178e+00,8.000000000000000444e-01,1.770737741733421444e+01
3.400000000000000355e+00,1.600000000000000089e+00,8.000000000000000444e-01,1.561202256979549396e+01
3.800000000000000266e+00,1.600000000000000089e+00,8.000000000000000444e-01,1.784549237428164048e+01
4.200000000000000178e+00,1.600000000000000089e+00,8.000000000000000444e-01,1.927807444056384867e+01
4.599999999999999645e+00,1.600000000000000089e+00,8.000000000000000444e-01,1.922084968407849814e+01
5.000000000000000000e+00,1.600000000000000089e+00,8.000000000000000444e-01,1.779528202415041349e+01
5.400000000000000355e+00,1.600000000000000089e+00,8.000000000000000444e-01,1.566857923925422291e+01
3.400000000000000355e+00,2.000000000000000000e+00,8.000000000000000444e-01,1.568576396135331485e+01
3.800000000000000266e+00,2.000000000000000000e+00,8.000000000000000444e-01,1.716809905167722405e+01
4.200000000000000178e+00,2.000000000000000000e+00,8.000000000000000444e-01,1.770285912274670537e+01
4.599999999999999645e+00,2.000000000000000000e+00,8.000000000000000444e-01,1.686545321465531444e+01
5.000000000000000000e+00,2.000000000000000000e+00,8.000000000000000444e-01,1.506341971078218478e+01
3.800000000000000266e+00,2.400000000000000355e+00,8.000000000000000444e-01,1.579948153156451340e+01
4.200000000000000178e+00,2.400000000000000355e+00,8.000000000000000444e-01,1.583848922046303542e+01
5.000000000000000000e+00,-1.600000000000000089e+00,1.200000000000000178e+00,1.621639211591821450e+01
5.400000000000000355e+00,-1.600000000000000089e+00,1.200000000000000178e+00,1.639938932746495936e+01
5.800000000000000711e+00,-1.600000000000000089e+00,1.200000000000000178e+00,1.557779719409519359e+01
4.599999999999999645e+00,-1.199999999999999956e+00,1.200000000000000178e+00,1.706393369340965549e+01
5.000000000000000000e+00,-1.199999999999999956e+00,1.200000000000000178e+00,2.003235077858678181e+01
5.400000000000000355e+00,-1.199999999999999956e+00,1.200000000000000178e+00,2.055318070013439424e+01
5.800000000000000711e+00,-1.199999999999999956e+00,1.200000000000000178e+00,1.844400163778866641e+01
6.200000000000000178e+00,-1.199999999999999956e+00,1.200000000000000178e+00,1.540486340570073942e+01
7.800000000000000711e+00,-1.199999999999999956e+00,1.200000000000000178e+00,1.501134334806579851e+01
4.599999999999999645e+00,-7.999999999999998224e-01,1.200000000000000178e+00,2.040613871875889274e+01
5.000000000000000000e+00,-7.999999999999998224e-01,1.200000000000000178e+00,2.815455357929028679e+01
5.400000000000000355e+00,-7.999999999999998224e-01,1.200000000000000178e+00,3.043057088824892986e+01
5.800000000000000711e+00,-7.999999999999998224e-01,1.200000000000000178e+00,2.570877916389968476e+01
6.200000000000000178e+00,-7.999999999999998224e-01,1.200000000000000178e+00,1.929291357958572561e+01
6.600000000000000533e+00,-7.999999999999998224e-01,1.200000000000000178e+00,1.551687917379470782e+01
7.000000000000000000e+00,-7.999999999999998224e-01,1.200000000000000178e+00,1.569291389578168960e+01
7.400000000000000355e+00,-7.999999999999998224e-01,1.200000000000000178e+00,1.703018296032186285e+01
7.800000000000000711e+00,-7.999999999999998224e-01,1.200000000000000178e+00,1.724042404406294793e+01
8.199999999999999289e+00,-7.999999999999998224e-01,1.200000000000000178e+00,1.642719524402785325e+01
8.600000000000001421e+00,-7.999999999999998224e-01,1.200000000000000178e+00,1.529797564749866012e+01
4.599999999999999645e+00,-3.999999999999999112e-01,1.200000000000000178e+00,2.370129089757202934e+01
5.000000000000000000e+00,-3.999999999999999112e-01,1.200000000000000178e+00,4.316139668697135789e+01
5.400000000000000355e+00,-3.999999999999999112e-01,1.200000000000000178e+00,5.109099640808765486e+01
5.800000000000000711e+00,-3.999999999999999112e-01,1.200000000000000178e+00,3.957969462645769454e+01
6.200000000000000178e+00,-3.999999999999999112e-01,1.200000000000000178e+00,2.658142914018980107e+01
6.600000000000000533e+00,-3.999999999999999112e-01,1.200000000000000178e+00,2.029752566472927100e+01
7.000000000000000000e+00,-3.999999999999999112e-01,1.200000000000000178e+00,1.987380394493574443e+01
7.400000000000000355e+00,-3.999999999999999112e-01,1.200000000000000178e+00,2.028890199743575096e+01
7.800000000000000711e+00,-3.999999999999999112e-01,1.200000000000000178e+00,1.909446908145510946e+01
8.199999999999999289e+00,-3.999999999999999112e-01,1.200000000000000178e+00,1.729616124239529285e+01
8.600000000000001421e+00,-3.999999999999999112e-01,1.200000000000000178e+00,1.566824679106359675e+01
4.599999999999999645e+00,0.000000000000000000e+00,1.200000000000000178e+00,2.395581981719878328e+01
5.000000000000000000e+00,0.000000000000000000e+00,1.200000000000000178e+00,5.328067484384194330e+01
5.400000000000000355e+00,0.000000000000000000e+00,1.200000000000000178e+00,7.123170460177281882e+01
5.800000000000000711e+00,0.000000000000000000e+00,1.200000000000000178e+00,5.321676685397179796e+01
6.200000000000000178e+00,0.000000000000000000e+00,1.200000000000000178e+00,3.197752208045982059e+01
6.600000000000000533e+00,0.000000000000000000e+00,1.200000000000000178e+00,2.200024834518887573e+01
7.000000000000000000e+00,0.000000000000000000e+00,1.200000000000000178e+00,2.000322692251618406e+01
7.400000000000000355e+00,0.000000000000000000e+00,1.200000000000000178e+00,1.959428700235788767e+01
7.800000000000000711e+00,0.000000000000000000e+00,1.200000000000000178e+00,1.815921965733754817e+01
8.199999999999999289e+00,0.000000000000000000e+00,1.200000000000000178e+00,1.652104835389911841e+01
8.600000000000001421e+00,0.000000000000000000e+00,1.200000000000000178e+00,1.511991799426503214e+01
4.599999999999999645e+00,4.000000000000003553e-01,1.200000000000000178e+00,2.317875314744958359e+01
5.000000000000000000e+00,4.000000000000003553e-01,1.200000000000000178e+00,4.848345883833730596e+01
5.400000000000000355e+00,4.000000000000003553e-01,1.200000000000000178e+00,7.021324119305512568e+01
5.800000000000000711e+00,4.000000000000003553e-01,1.200000000000000178e+00,5.323930541380530457e+01
6.200000000000000178e+00,4.000000000000003553e-01,1.200000000000000178e+00,2.953508138063135746e+01
6.600000000000000533e+00,4.000000000000003553e-01,1.200000000000000178e+00,1.776673608415072181e+01
4.200000000000000178e+00,8.000000000000002665e-01,1.200000000000000178e+00,1.666957117995607973e+01
4.599999999999999645e+00,8.000000000000002665e-01,1.200000000000000178e+00,2.288079267061838351e+01
5.000000000000000000e+00,8.000000000000002665e-01,1.200000000000000178e+00,3.790211799196331555e+01
5.400000000000000355e+00,8.000000000000002665e-01,1.200000000000000178e+00,5.022791623414138940e+01
5.800000000000000711e+00,8.000000000000002665e-01,1.200000000000000178e+00,3.952527948971452076e+01
6.200000000000000178e+00,8.000000000000002665e-01,1.200000000000000178e+00,2.350970317355844941e+01
3.800000000000000266e+00,1.200000000000000178e+00,1.200000000000000178e+00,1.760268692939239088e+01
4.200000000000000178e+00,1.200000000000000178e+00,1.200000000000000178e+00,2.044684909218221591e+01
4.599999999999999645e+00,1.200000000000000178e+00,1.200000000000000178e+00,2.323652555498605921e+01
5.000000000000000000e+00,1.200000000000000178e+00,1.200000000000000178e+00,2.700529812755739556e+01
5.400000000000000355e+00,1.200000000000000178e+00,1.200000000000000178e+00,2.828743939195080159e+01
5.800000000000000711e+00,1.200000000000000178e+00,1.200000000000000178e+00,2.416426755504812718e+01
6.200000000000000178e+00,1.200000000000000178e+00,1.200000000000000178e+00,1.896139196780286085e+01
3.400000000000000355e+00,1.600000000000000089e+00,1.200000000000000178e+00,1.609790671249403715e+01
3.800000000000000266e+00,1.600000000000000089e+00,1.200000000000000178e+00,1.896460820336741548e+01
4.200000000000000178e+00,1.600000000000000089e+00,1.200000000000000178e+00,2.097009108134137634e+01
4.599999999999999645e+00,1.600000000000000089e+00,1.200000000000000178e+00,2.121304904005991077e+01
5.000000000000000000e+00,1.600000000000000089e+00,1.200000000000000178e+00,1.987225899138644891e+01
5.400000000000000355e+00,1.600000000000000089e+00,1.200000000000000178e+00,1.783222168268094165e+01
5.800000000000000711e+00,1.600000000000000089e+00,1.200000000000000178e+00,1.599324070849546686e+01
6.200000000000000178e+00,1.600000000000000089e+00,1.200000000000000178e+00,1.536089948406404204e+01
3.400000000000000355e+00,2.000000000000000000e+00,1.200000000000000178e+00,1.615471602365232329e+01
3.800000000000000266e+00,2.000000000000000000e+00,1.200000000000000178e+00,1.801352513010408529e+01
4.200000000000000178e+00,2.000000000000000000e+00,1.200000000000000178e+00,1.884174064870546772e+01
4.599999999999999645e+00,2.000000000000000000e+00,1.200000000000000178e+00,1.806984304627212978e+01
5.000000000000000000e+00,2.000000000000000000e+00,1.200000000000000178e+00,1.617292831864030234e+01
3.400000000000000355e+00,2.400000000000000355e+00,1.200000000000000178e+00,1.535116578515418873e+01
3.800000000000000266e+00,2.400000000000000355e+00,1.200000000000000178e+00,1.634561193304690718e+01
4.200000000000000178e+00,2.400000000000000355e+00,1.200000000000000178e+00,1.652128504612575810e+01
4.599999999999999645e+00,2.400000000000000355e+00,1.200000000000000178e+00,1.568847521237042919e+01
4.599999999999999645e+00,-1.600000000000000089e+00,1.600000000000000089e+00,1.534282292962980598e+01
5.000000000000000000e+00,-1.600000000000000089e+00,1.600000000000000089e+00,1.696706428253012078e+01
5.400000000000000355e+00,-1.600000000000000089e+00,1.600000000000000089e+00,1.725141775793965948e+01
5.800000000000000711e+00,-1.600000000000000089e+00,1.600000000000000089e+00,1.638158563290570768e+01
6.200000000000000178e+00,-1.600000000000000089e+00,1.600000000000000089e+00,1.512113657230420039e+01
4.599999999999999645e+00,-1.199999999999999956e+00,1.600000000000000089e+00,1.787795242027131692e+01
5.000000000000000000e+00,-1.199999999999999956e+00,1.600000000000000089e+00,2.143160595059453399e+01
5.400000000000000355e+00,-1.199999999999999956e+00,1.600000000000000089e+00,2.233693659748076144e+01
5.800000000000000711e+00,-1.199999999999999956e+00,1.600000000000000089e+00,2.017894013480919924e+01
6.200000000000000178e+00,-1.199999999999999956e+00,1.600000000000000089e+00,1.727093316644846155e+01
7.800000000000000711e+00,-1.199999999999999956e+00,1.600000000000000089e+00,1.509349436682730072e+01
4.599999999999999645e+00,-7.999999999999998224e-01,1.600000000000000089e+00,2.200731837532284274e+01
5.000000000000000000e+00,-7.999999999999998224e-01,1.600000000000000089e+00,3.088779387882739869e+01
5.400000000000000355e+00,-7.999999999999998224e-01,1.600000000000000089e+00,3.393339584300882450e+01
5.800000000000000711e+00,-7.999999999999998224e-01,1.600000000000000089e+00,2.966429307111512514e+01
6.200000000000000178e+00,-7.999999999999998224e-01,1.600000000000000089e+00,2.275291115140002418e+01
6.600000000000000533e+00,-7.999999999999998224e-01,1.600000000000000089e+00,1.826739528311894389e+01
7.000000000000000000e+00,-7.999999999999998224e-01,1.600000000000000089e+00,1.716012389339142530e+01
7.400000000000000355e+00,-7.999999999999998224e-01,1.600000000000000089e+00,1.739385157590390207e+01
7.800000000000000711e+00,-7.999999999999998224e-01,1.600000000000000089e+00,1.716631180584045424e+01
8.199999999999999289e+00,-7.999999999999998224e-01,1.600000000000000089e+00,1.630266881503006715e+01
8.600000000000001421e+00,-7.999999999999998224e-01,1.600000000000000089e+00,1.521945723920479487e+01
4.599999999999999645e+00,-3.999999999999999112e-01,1.600000000000000089e+00,2.683868568843567104e+01
5.000000000000000000e+00,-3.999999999999999112e-01,1.600000000000000089e+00,5.252611998290317530e+01
5.400000000000000355e+00,-3.999999999999999112e-01,1.600000000000000089e+00,6.277861106836687100e+01
5.800000000000000711e+00,-3.999999999999999112e-01,1.600000000000000089e+00,4.897939998614633339e+01
6.200000000000000178e+00,-3.999999999999999112e-01,1.600000000000000089e+00,3.298253793907066012e+01
6.600000000000000533e+00,-3.999999999999999112e-01,1.600000000000000089e+00,2.426127269197331415e+01
7.000000000000000000e+00,-3.999999999999999112e-01,1.600000000000000089e+00,2.149456640001559293e+01
7.400000000000000355e+00,-3.999999999999999112e-01,1.600000000000000089e+00,2.043586514283629896e+01
7.800000000000000711e+00,-3.999999999999999112e-01,1.600000000000000089e+00,1.896221808265663711e+01
8.199999999999999289e+00,-3.999999999999999112e-01,1.600000000000000089e+00,1.722952394330117798e+01
8.600000000000001421e+00,-3.999999999999999112e-01,1.600000000000000089e+00,1.566372106889549620e+01
4.599999999999999645e+00,0.000000000000000000e+00,1.600000000000000089e+00,2.757575068490599435e+01
5.000000000000000000e+00,0.000000000000000000e+00,1.600000000000000089e+00,6.804715712202788325e+01
5.400000000000000355e+00,0.000000000000000000e+00,1.600000000000000089e+00,9.418794655976944341e+01
5.800000000000000711e+00,0.000000000000000000e+00,1.600000000000000089e+00,7.097747731289673823e+01
6.200000000000000178e+00,0.000000000000000000e+00,1.600000000000000089e+00,4.273217722628122317e+01
6.600000000000000533e+00,0.000000000000000000e+00,1.600000000000000089e+00,2.830020996915986231e+01
7.000000000000000000e+00,0.000000000000000000e+00,1.600000000000000089e+00,2.307818484405702364e+01
7.400000000000000355e+00,0.000000000000000000e+00,1.600000000000000089e+00,2.072195816534079782e+01
7.800000000000000711e+00,0.000000000000000000e+00,1.600000000000000089e+00,1.868604944582915195e+01
8.199999999999999289e+00,0.000000000000000000e+00,1.600000000000000089e+00,1.684063737284038353e+01
8.600000000000001421e+00,0.000000000000000000e+00,1.600000000000000089e+00,1.532899558946619578e+01
4.599999999999999645e+00,4.000000000000003553e-01,1.600000000000000089e+00,2.538190311453936943e+01
5.000000000000000000e+00,4.000000000000003553e-01,1.600000000000000089e+00,5.941497362337899091e+01
5.400000000000000355e+00,4.000000000000003553e-01,1.600000000000000089e+00,9.512151924734278907e+01
5.800000000000000711e+00,4.000000000000003553e-01,1.600000000000000089e+00,7.501113092262758641e+01
6.200000000000000178e+00,4.000000000000003553e-01,1.600000000000000089e+00,4.281434980435975035e+01
6.600000000000000533e+00,4.000000000000003553e-01,1.600000000000000089e+00,2.596200170006725116e+01
7.000000000000000000e+00,4.000000000000003553e-01,1.600000000000000089e+00,1.963272172359033263e+01
7.400000000000000355e+00,4.000000000000003553e-01,1.600000000000000089e+00,1.742098652181239515e+01
7.800000000000000711e+00,4.000000000000003553e-01,1.600000000000000089e+00,1.623288944940235012e+01
8.199999999999999289e+00,4.000000000000003553e-01,1.600000000000000089e+00,1.521638113365897382e+01
4.200000000000000178e+00,8.000000000000002665e-01,1.600000000000000089e+00,1.623901679754595051e+01
4.599999999999999645e+00,8.000000000000002665e-01,1.600000000000000089e+00,2.323303808239098345e+01
5.000000000000000000e+00,8.000000000000002665e-01,1.600000000000000089e+00,4.357839177212772341e+01
5.400000000000000355e+00,8.000000000000002665e-01,1.600000000000000089e+00,6.695599870443054158e+01
5.800000000000000711e+00,8.000000000000002665e-01,1.600000000000000089e+00,5.559044927356593746e+01
6.200000000000000178e+00,8.000000000000002665e-01,1.600000000000000089e+00,3.455865078104793042e+01
6.600000000000000533e+00,8.000000000000002665e-01,1.600000000000000089e+00,2.150234299705149610e+01
7.000000000000000000e+00,8.000000000000002665e-01,1.600000000000000089e+00,1.597458665644856701e+01
3.800000000000000266e+00,1.200000000000000178e+00,1.600000000000000089e+00,1.685867662567676817e+01
4.200000000000000178e+00,1.200000000000000178e+00,1.600000000000000089e+00,1.954381776511584334e+01
4.599999999999999645e+00,1.200000000000000178e+00,1.600000000000000089e+00,2.309453370386546567e+01
5.000000000000000000e+00,1.200000000000000178e+00,1.600000000000000089e+00,2.994537143123831413e+01
5.400000000000000355e+00,1.200000000000000178e+00,1.600000000000000089e+00,3.519942860773070947e+01
5.800000000000000711e+00,1.200000000000000178e+00,1.600000000000000089e+00,3.198534083571859554e+01
6.200000000000000178e+00,1.200000000000000178e+00,1.600000000000000089e+00,2.539128138068508633e+01
6.600000000000000533e+00,1.200000000000000178e+00,1.600000000000000089e+00,1.850918166057391545e+01
3.400000000000000355e+00,1.600000000000000089e+00,1.600000000000000089e+00,1.565451950130709591e+01
3.800000000000000266e+00,1.600000000000000089e+00,1.600000000000000089e+00,1.837034228920529699e+01
4.200000000000000178e+00,1.600000000000000089e+00,1.600000000000000089e+00,2.044920975397095120e+01
4.599999999999999645e+00,1.600000000000000089e+00,1.600000000000000089e+00,2.143839160515905107e+01
5.000000000000000000e+00,1.600000000000000089e+00,1.600000000000000089e+00,2.159975082247756362e+01
5.400000000000000355e+00,1.600000000000000089e+00,1.600000000000000089e+00,2.094075254571003342e+01
5.800000000000000711e+00,1.600000000000000089e+00,1.600000000000000089e+00,1.977219451142727991e+01
6.200000000000000178e+00,1.600000000000000089e+00,1.600000000000000089e+00,1.893449442796076809e+01
6.600000000000000533e+00,1.600000000000000089e+00,1.600000000000000089e+00,1.617503348210654579e+01
3.400000000000000355e+00,2.000000000000000000e+00,1.600000000000000089e+00,1.585806367186272858e+01
3.800000000000000266e+00,2.000000000000000000e+00,1.600000000000000089e+00,1.770611087422553354e+01
4.200000000000000178e+00,2.000000000000000000e+00,1.600000000000000089e+00,1.871609107489550183e+01
4.599999999999999645e+00,2.000000000000000000e+00,1.600000000000000089e+00,1.843963497871973800e+01
5.000000000000000000e+00,2.000000000000000000e+00,1.600000000000000089e+00,1.723188657474682728e+01
5.400000000000000355e+00,2.000000000000000000e+00,1.600000000000000089e+00,1.593809579715280655e+01
5.800000000000000711e+00,2.000000000000000000e+00,1.600000000000000089e+00,1.531829341503910769e+01
6.200000000000000178e+00,2.000000000000000000e+00,1.600000000000000089e+00,1.517156899094506528e+01
3.400000000000000355e+00,2.400000000000000355e+00,1.600000000000000089e+00,1.518998544467611822e+01
3.800000000000000266e+00,2.400000000000000355e+00,1.600000000000000089e+00,1.622978672065039873e+01
4.200000000000000178e+00,2.400000000000000355e+00,1.600000000000000089e+00,1.656328023744796596e+01
4.599999999999999645e+00,2.400000000000000355e+00,1.600000000000000089e+00,1.601757393872266277e+01
5.400000000000000355e+00,-2.000000000000000000e+00,2.000000000000000000e+00,1.518780411614701720e+01
4.599999999999999645e+00,-1.600000000000000089e+00,2.000000000000000000e+00,1.551722233781848814e+01
5.000000000000000000e+00,-1.600000000000000089e+00,2.000000000000000000e+00,1.729858996133757287e+01
5.400000000000000355e+00,-1.600000000000000089e+00,2.000000000000000000e+00,1.783981761290990065e+01
5.800000000000000711e+00,-1.600000000000000089e+00,2.000000000000000000e+00,1.714274269350873681e+01
6.200000000000000178e+00,-1.600000000000000089e+00,2.000000000000000000e+00,1.593370946894468609e+01
4.599999999999999645e+00,-1.199999999999999956e+00,2.000000000000000000e+00,1.811043872144580646e+01
5.000000000000000000e+00,-1.199999999999999956e+00,2.000000000000000000e+00,2.181436043160875471e+01
5.400000000000000355e+00,-1.199999999999999956e+00,2.000000000000000000e+00,2.318304758593669845e+01
5.800000000000000711e+00,-1.199999999999999956e+00,2.000000000000000000e+00,2.163060955296451127e+01
6.200000000000000178e+00,-1.199999999999999956e+00,2.000000000000000000e+00,1.901336637644542904e+01
6.600000000000000533e+00,-1.199999999999999956e+00,2.000000000000000000e+00,1.676602689783510058e+01
7.000000000000000000e+00,-1.199999999999999956e+00,2.000000000000000000e+00,1.562648105764129802e+01
7.400000000000000355e+00,-1.199999999999999956e+00,2.000000000000000000e+00,1.528741495063653488e+01
7.800000000000000711e+00,-1.199999999999999956e+00,2.000000000000000000e+00,1.508788979992567469e+01
4.200000000000000178e+00,-7.999999999999998224e-01,2.000000000000000000e+00,1.514412662528516762e+01
4.599999999999999645e+00,-7.999999999999998224e-01,2.000000000000000000e+00,2.216638349337850045e+01
5.000000000000000000e+00,-7.999999999999998224e-01,2.000000000000000000e+00,3.049813322937697890e+01
5.400000000000000355e+00,-7.999999999999998224e-01,2.000000000000000000e+00,3.424815961088561522e+01
5.800000000000000711e+00,-7.999999999999998224e-01,2.000000000000000000e+00,3.120808844060182352e+01
6.200000000000000178e+00,-7.999999999999998224e-01,2.000000000000000000e+00,2.532906078691807394e+01
6.600000000000000533e+00,-7.999999999999998224e-01,2.000000000000000000e+00,2.079541786315241225e+01
7.000000000000000000e+00,-7.999999999999998224e-01,2.000000000000000000e+00,1.857073741588510529e+01
7.400000000000000355e+00,-7.999999999999998224e-01,2.000000000000000000e+00,1.761687287221294085e+01
7.800000000000000711e+00,-7.999999999999998224e-01,2.000000000000000000e+00,1.683610800367300442e+01
8.199999999999999289e+00,-7.999999999999998224e-01,2.000000000000000000e+00,1.589688522064352583e+01
4.200000000000000178e+00,-3.999999999999999112e-01,2.000000000000000000e+00,1.560497267445018821e+01
4.599999999999999645e+00,-3.999999999999999112e-01,2.000000000000000000e+00,2.703574974027094058e+01
5.000000000000000000e+00,-3.999999999999999112e-01,2.000000000000000000e+00,4.619011883981421107e+01
5.400000000000000355e+00,-3.999999999999999112e-01,2.000000000000000000e+00,5.651783825454039345e+01
5.800000000000000711e+00,-3.999999999999999112e-01,2.000000000000000000e+00,4.876836814422627953e+01
6.200000000000000178e+00,-3.999999999999999112e-01,2.000000000000000000e+00,3.577101618430287999e+01
6.600000000000000533e+00,-3.999999999999999112e-01,2.000000000000000000e+00,2.684713428629328646e+01
7.000000000000000000e+00,-3.999999999999999112e-01,2.000000000000000000e+00,2.242515139064719776e+01
7.400000000000000355e+00,-3.999999999999999112e-01,2.000000000000000000e+00,2.012353986162986530e+01
7.800000000000000711e+00,-3.999999999999999112e-01,2.000000000000000000e+00,1.835301962528992803e+01
8.199999999999999289e+00,-3.999999999999999112e-01,2.000000000000000000e+00,1.674218141912053781e+01
8.600000000000001421e+00,-3.999999999999999112e-01,2.000000000000000000e+00,1.535035067131114417e+01
4.200000000000000178e+00,0.000000000000000000e+00,2.000000000000000000e+00,1.549697699004962992e+01
4.599999999999999645e+00,0.000000000000000000e+00,2.000000000000000000e+00,2.905819113013220445e+01
5.000000000000000000e+00,0.000000000000000000e+00,2.000000000000000000e+00,5.827723506083987104e+01
5.400000000000000355e+00,0.000000000000000000e+00,2.000000000000000000e+00,7.993243997065479789e+01
5.800000000000000711e+00,0.000000000000000000e+00,2.000000000000000000e+00,6.810416334842784636e+01
6.200000000000000178e+00,0.000000000000000000e+00,2.000000000000000000e+00,4.603114305204573498e+01
6.600000000000000533e+00,0.000000000000000000e+00,2.000000000000000000e+00,3.163831395102570099e+01
7.000000000000000000e+00,0.000000000000000000e+00,2.000000000000000000e+00,2.458282886270624701e+01
7.400000000000000355e+00,0.000000000000000000e+00,2.000000000000000000e+00,2.094876585250415957e+01
7.800000000000000711e+00,0.000000000000000000e+00,2.000000000000000000e+00,1.853139358642953738e+01
8.199999999999999289e+00,0.000000000000000000e+00,2.000000000000000000e+00,1.666586119925749898e+01
8.600000000000001421e+00,0.000000000000000000e+00,2.000000000000000000e+00,1.520813246773595395e+01
4.200000000000000178e+00,4.000000000000003553e-01,2.000000000000000000e+00,1.564865146167787380e+01
4.599999999999999645e+00,4.000000000000003553e-01,2.000000000000000000e+00,2.725797358313292307e+01
5.000000000000000000e+00,4.000000000000003553e-01,2.000000000000000000e+00,5.445261324867331609e+01
5.400000000000000355e+00,4.000000000000003553e-01,2.000000000000000000e+00,8.135306507389493902e+01
5.800000000000000711e+00,4.000000000000003553e-01,2.000000000000000000e+00,7.227594868359821589e+01
6.200000000000000178e+00,4.000000000000003553e-01,2.000000000000000000e+00,4.778020430886524395e+01
6.600000000000000533e+00,4.000000000000003553e-01,2.000000000000000000e+00,3.129794598383374193e+01
7.000000000000000000e+00,4.000000000000003553e-01,2.000000000000000000e+00,2.320343857873806215e+01
7.400000000000000355e+00,4.000000000000003553e-01,2.000000000000000000e+00,1.933119174632580339e+01
7.800000000000000711e+00,4.000000000000003553e-01,2.000000000000000000e+00,1.714256059233025908e+01
8.199999999999999289e+00,4.000000000000003553e-01,2.000000000000000000e+00,1.563726088011421211e+01
4.200000000000000178e+00,8.000000000000002665e-01,2.000000000000000000e+00,1.664953515909979842e+01
4.599999999999999645e+00,8.000000000000002665e-01,2.000000000000000000e+00,2.451726708381495712e+01
5.000000000000000000e+00,8.000000000000002665e-01,2.000000000000000000e+00,4.195976684569371429e+01
5.400000000000000355e+00,8.000000000000002665e-01,2.000000000000000000e+00,6.039920805693369488e+01
5.800000000000000711e+00,8.000000000000002665e-01,2.000000000000000000e+00,5.629392981845656152e+01
6.200000000000000178e+00,8.000000000000002665e-01,2.000000000000000000e+00,3.988308107419271664e+01
6.600000000000000533e+00,8.000000000000002665e-01,2.000000000000000000e+00,2.714096349387401830e+01
7.000000000000000000e+00,8.000000000000002665e-01,2.000000000000000000e+00,2.021636379104344527e+01
7.400000000000000355e+00,8.000000000000002665e-01,2.000000000000000000e+00,1.690176684192211098e+01
7.800000000000000711e+00,8.000000000000002665e-01,2.000000000000000000e+00,1.524685116969168419e+01
3.800000000000000266e+00,1.200000000000000178e+00,2.000000000000000000e+00,1.549483868649196161e+01
4.200000000000000178e+00,1.200000000000000178e+00,2.000000000000000000e+00,1.823684489977103240e+01
4.599999999999999645e+00,1.200000000000000178e+00,2.000000000000000000e+00,2.266515595802393435e+01
5.000000000000000000e+00,1.200000000000000178e+00,2.000000000000000000e+00,3.022301604505324235e+01
5.400000000000000355e+00,1.200000000000000178e+00,2.000000000000000000e+00,3.683255155694809702e+01
5.800000000000000711e+00,1.200000000000000178e+00,2.000000000000000000e+00,3.572748537658215895e+01
6.200000000000000178e+00,1.200000000000000178e+00,2.000000000000000000e+00,2.932225824419640148e+01
6.600000000000000533e+00,1.200000000000000178e+00,2.000000000000000000e+00,2.245690505980955365e+01
7.000000000000000000e+00,1.200000000000000178e+00,2.000000000000000000e+00,1.764252720838468491e+01
7.400000000000000355e+00,1.200000000000000178e+00,2.000000000000000000e+00,1.503522787252559212e+01
3.800000000000000266e+00,1.600000000000000089e+00,2.000000000000000000e+00,1.677600512496944773e+01
4.200000000000000178e+00,1.600000000000000089e+00,2.000000000000000000e+00,1.875257208268065412e+01
4.599999999999999645e+00,1.600000000000000089e+00,2.000000000000000000e+00,2.060032952207680168e+01
5.000000000000000000e+00,1.600000000000000089e+00,2.000000000000000000e+00,2.246543026735414372e+01
5.400000000000000355e+00,1.600000000000000089e+00,2.000000000000000000e+00,2.355804288283627912e+01
5.800000000000000711e+00,1.600000000000000089e+00,2.000000000000000000e+00,2.316204711018022877e+01
6.200000000000000178e+00,1.600000000000000089e+00,2.000000000000000000e+00,2.146641379772378855e+01
6.600000000000000533e+00,1.600000000000000089e+00,2.000000000000000000e+00,1.857298664572051194e+01
7.000000000000000000e+00,1.600000000000000089e+00,2.000000000000000000e+00,1.572252992395005933e+01
3.400000000000000355e+00,2.000000000000000000e+00,2.000000000000000000e+00,1.500877167319273475e+01
3.800000000000000266e+00,2.000000000000000000e+00,2.000000000000000000e+00,1.657623252579670847e+01
4.200000000000000178e+00,2.000000000000000000e+00,2.000000000000000000e+00,1.767375285707892729e+01
4.599999999999999645e+00,2.000000000000000000e+00,2.000000000000000000e+00,1.809253212185079462e+01
5.000000000000000000e+00,2.000000000000000000e+00,2.000000000000000000e+00,1.798409732478880230e+01
5.400000000000000355e+00,2.000000000000000000e+00,2.000000000000000000e+00,1.764094299128232279e+01
5.800000000000000711e+00,2.000000000000000000e+00,2.000000000000000000e+00,1.732519185770180314e+01
6.200000000000000178e+00,2.000000000000000000e+00,2.000000000000000000e+00,1.686068918959827556e+01
6.600000000000000533e+00,2.000000000000000000e+00,2.000000000000000000e+00,1.572276690354414797e+01
3.800000000000000266e+00,2.400000000000000355e+00,2.000000000000000000e+00,1.558095426262455874e+01
4.200000000000000178e+00,2.400000000000000355e+00,2.000000000000000000e+00,1.606278043212591200e+01
4.599999999999999645e+00,2.400000000000000355e+00,2.000000000000000000e+00,1.595454683810893570e+01
5.000000000000000000e+00,2.400000000000000355e+00,2.000000000000000000e+00,1.545397994070205883e+01
5.400000000000000355e+00,-2.000000000000000000e+00,2.400000000000000355e+00,1.520015236172709905e+01
5.800000000000000711e+00,-2.000000000000000000e+00,2.400000000000000355e+00,1.506306987537901776e+01
4.599999999999999645e+00,-1.600000000000000089e+00,2.400000000000000355e+00,1.533833961341354346e+01
5.000000000000000000e+00,-1.600000000000000089e+00,2.400000000000000355e+00,1.704231225313875342e+01
5.400000000000000355e+00,-1.600000000000000089e+00,2.400000000000000355e+00,1.777022640146014609e+01
5.800000000000000711e+00,-1.600000000000000089e+00,2.400000000000000355e+00,1.740517888873748475e+01
6.200000000000000178e+00,-1.600000000000000089e+00,2.400000000000000355e+00,1.642155446363379312e+01
6.600000000000000533e+00,-1.600000000000000089e+00,2.400000000000000355e+00,1.535017555157715918e+01
4.599999999999999645e+00,-1.199999999999999956e+00,2.400000000000000355e+00,1.765075206660766938e+01
5.000000000000000000e+00,-1.199999999999999956e+00,2.400000000000000355e+00,2.090770869521082886e+01
5.400000000000000355e+00,-1.199999999999999956e+00,2.400000000000000355e+00,2.243511661826370229e+01
5.800000000000000711e+00,-1.199999999999999956e+00,2.400000000000000355e+00,2.169584264559660980e+01
6.200000000000000178e+00,-1.199999999999999956e+00,2.400000000000000355e+00,1.971855212343720964e+01
6.600000000000000533e+00,-1.199999999999999956e+00,2.400000000000000355e+00,1.772877088095061637e+01
7.000000000000000000e+00,-1.199999999999999956e+00,2.400000000000000355e+00,1.634605670663756882e+01
7.400000000000000355e+00,-1.199999999999999956e+00,2.400000000000000355e+00,1.552807620932282795e+01
4.200000000000000178e+00,-7.999999999999998224e-01,2.400000000000000355e+00,1.524408076575740800e+01
4.599999999999999645e+00,-7.999999999999998224e-01,2.400000000000000355e+00,2.095675956813059315e+01
5.000000000000000000e+00,-7.999999999999998224e-01,2.400000000000000355e+00,2.735672865751918081e+01
5.400000000000000355e+00,-7.999999999999998224e-01,2.400000000000000355e+00,3.079388346294775047e+01
5.800000000000000711e+00,-7.999999999999998224e-01,2.400000000000000355e+00,2.941817499906609967e+01
6.200000000000000178e+00,-7.999999999999998224e-01,2.400000000000000355e+00,2.540857108424032873e+01
6.600000000000000533e+00,-7.999999999999998224e-01,2.400000000000000355e+00,2.159722522865360972e+01
7.000000000000000000e+00,-7.999999999999998224e-01,2.400000000000000355e+00,1.905045191424831330e+01
7.400000000000000355e+00,-7.999999999999998224e-01,2.400000000000000355e+00,1.749106516750982721e+01
7.800000000000000711e+00,-7.999999999999998224e-01,2.400000000000000355e+00,1.636549379563659201e+01
8.199999999999999289e+00,-7.999999999999998224e-01,2.400000000000000355e+00,1.537969693985392716e+01
4.200000000000000178e+00,-3.999999999999999112e-01,2.400000000000000355e+00,1.610755141887900876e+01
4.599999999999999645e+00,-3.999999999999999112e-01,2.400000000000000355e+00,2.464650703313073876e+01
5.000000000000000000e+00,-3.999999999999999112e-01,2.400000000000000355e+00,3.635346054040282837e+01
5.400000000000000355e+00,-3.999999999999999112e-01,2.400000000000000355e+00,4.368166326243409969e+01
5.800000000000000711e+00,-3.999999999999999112e-01,2.400000000000000355e+00,4.116964843169598964e+01
6.200000000000000178e+00,-3.999999999999999112e-01,2.400000000000000355e+00,3.350584125844674332e+01
6.600000000000000533e+00,-3.999999999999999112e-01,2.400000000000000355e+00,2.663256201480583840e+01
7.000000000000000000e+00,-3.999999999999999112e-01,2.400000000000000355e+00,2.219430465279208775e+01
7.400000000000000355e+00,-3.999999999999999112e-01,2.400000000000000355e+00,1.947343229941148834e+01
7.800000000000000711e+00,-3.999999999999999112e-01,2.400000000000000355e+00,1.758278259843100955e+01
8.199999999999999289e+00,-3.999999999999999112e-01,2.400000000000000355e+00,1.609483570829296184e+01
4.200000000000000178e+00,0.000000000000000000e+00,2.400000000000000355e+00,1.653778773697843718e+01
4.599999999999999645e+00,0.000000000000000000e+00,2.400000000000000355e+00,2.673592702879701832e+01
5.000000000000000000e+00,0.000000000000000000e+00,2.400000000000000355e+00,4.314958734691497000e+01
5.400000000000000355e+00,0.000000000000000000e+00,2.400000000000000355e+00,5.550798976070442592e+01
5.800000000000000711e+00,0.000000000000000000e+00,2.400000000000000355e+00,5.252658708062759985e+01
6.200000000000000178e+00,0.000000000000000000e+00,2.400000000000000355e+00,4.090553153276793097e+01
6.600000000000000533e+00,0.000000000000000000e+00,2.400000000000000355e+00,3.067427287235117817e+01
7.000000000000000000e+00,0.000000000000000000e+00,2.400000000000000355e+00,2.424824112240756691e+01
7.400000000000000355e+00,0.000000000000000000e+00,2.400000000000000355e+00,2.043674223092516584e+01
7.800000000000000711e+00,0.000000000000000000e+00,2.400000000000000355e+00,1.796983305309929690e+01
8.199999999999999289e+00,0.000000000000000000e+00,2.400000000000000355e+00,1.620312178708818251e+01
4.200000000000000178e+00,4.000000000000003553e-01,2.400000000000000355e+00,1.672414668678658956e+01
4.599999999999999645e+00,4.000000000000003553e-01,2.400000000000000355e+00,2.614742716073064344e+01
5.000000000000000000e+00,4.000000000000003553e-01,2.400000000000000355e+00,4.234640209256971843e+01
5.400000000000000355e+00,4.000000000000003553e-01,2.400000000000000355e+00,5.651351596646554043e+01
5.800000000000000711e+00,4.000000000000003553e-01,2.400000000000000355e+00,5.480711391977607150e+01
6.200000000000000178e+00,4.000000000000003553e-01,2.400000000000000355e+00,4.247840288836351874e+01
6.600000000000000533e+00,4.000000000000003553e-01,2.400000000000000355e+00,3.113444268897958267e+01
7.000000000000000000e+00,4.000000000000003553e-01,2.400000000000000355e+00,2.396098419034047566e+01
7.400000000000000355e+00,4.000000000000003553e-01,2.400000000000000355e+00,1.981662997787964997e+01
7.800000000000000711e+00,4.000000000000003553e-01,2.400000000000000355e+00,1.730541707005982488e+01
8.199999999999999289e+00,4.000000000000003553e-01,2.400000000000000355e+00,1.563495404605694539e+01
4.200000000000000178e+00,8.000000000000002665e-01,2.400000000000000355e+00,1.704014399345845732e+01
4.599999999999999645e+00,8.000000000000002665e-01,2.400000000000000355e+00,2.406201896098286497e+01
5.000000000000000000e+00,8.000000000000002665e-01,2.400000000000000355e+00,3.562778707593938066e+01
5.400000000000000355e+00,8.000000000000002665e-01,2.400000000000000355e+00,4.614152907646823110e+01
5.800000000000000711e+00,8.000000000000002665e-01,2.400000000000000355e+00,4.585197838173515805e+01
6.200000000000000178e+00,8.000000000000002665e-01,2.400000000000000355e+00,3.709757558399790867e+01
6.600000000000000533e+00,8.000000000000002665e-01,2.400000000000000355e+00,2.805280428181718833e+01
7.000000000000000000e+00,8.000000000000002665e-01,2.400000000000000355e+00,2.187120792917855283e+01
7.400000000000000355e+00,8.000000000000002665e-01,2.400000000000000355e+00,1.820386417589637773e+01
7.800000000000000711e+00,8.000000000000002665e-01,2.400000000000000355e+00,1.604683586500659942e+01
4.200000000000000178e+00,1.200000000000000178e+00,2.400000000000000355e+00,1.743252508171580217e+01
4.599999999999999645e+00,1.200000000000000178e+00,2.400000000000000355e+00,2.178677024117083150e+01
5.000000000000000000e+00,1.200000000000000178e+00,2.400000000000000355e+00,2.791955934614837176e+01
5.400000000000000355e+00,1.200000000000000178e+00,2.400000000000000355e+00,3.306495947179051598e+01
5.800000000000000711e+00,1.200000000000000178e+00,2.400000000000000355e+00,3.323195234460380476e+01
6.200000000000000178e+00,1.200000000000000178e+00,2.400000000000000355e+00,2.896616973538032980e+01
6.600000000000000533e+00,1.200000000000000178e+00,2.400000000000000355e+00,2.360274958266840528e+01
7.000000000000000000e+00,1.200000000000000178e+00,2.400000000000000355e+00,1.929050394563924087e+01
7.400000000000000355e+00,1.200000000000000178e+00,2.400000000000000355e+00,1.647323078127473295e+01
3.800000000000000266e+00,1.600000000000000089e+00,2.400000000000000355e+00,1.541286315897025894e+01
4.200000000000000178e+00,1.600000000000000089e+00,2.400000000000000355e+00,1.732989217668318460e+01
4.599999999999999645e+00,1.600000000000000089e+00,2.400000000000000355e+00,1.954758168287899522e+01
5.000000000000000000e+00,1.600000000000000089e+00,2.400000000000000355e+00,2.196734361740796615e+01
5.400000000000000355e+00,1.600000000000000089e+00,2.400000000000000355e+00,2.370812343440686476e+01
5.800000000000000711e+00,1.600000000000000089e+00,2.400000000000000355e+00,2.377896586011147306e+01
6.200000000000000178e+00,1.600000000000000089e+00,2.400000000000000355e+00,2.215140813444034151e+01
6.600000000000000533e+00,1.600000000000000089e+00,2.400000000000000355e+00,1.955102116855810834e+01
7.000000000000000000e+00,1.600000000000000089e+00,2.400000000000000355e+00,1.696725668044429369e+01
7.400000000000000355e+00,1.600000000000000089e+00,2.400000000000000355e+00,1.501774107706538430e+01
3.800000000000000266e+00,2.000000000000000000e+00,2.400000000000000355e+00,1.536863701926476722e+01
4.200000000000000178e+00,2.000000000000000000e+00,2.400000000000000355e+00,1.650481263034786039e+01
4.599999999999999645e+00,2.000000000000000000e+00,2.400000000000000355e+00,1.740593324258681918e+01
5.000000000000000000e+00,2.000000000000000000e+00,2.400000000000000355e+00,1.805904476580157336e+01
5.400000000000000355e+00,2.000000000000000000e+00,2.400000000000000355e+00,1.839476953534261838e+01
5.800000000000000711e+00,2.000000000000000000e+00,2.400000000000000355e+00,1.831262023284983798e+01
6.200000000000000178e+00,2.000000000000000000e+00,2.400000000000000355e+00,1.769805964184548230e+01
6.600000000000000533e+00,2.000000000000000000e+00,2.400000000000000355e+00,1.652642890372215945e+01
7.000000000000000000e+00,2.000000000000000000e+00,2.400000000000000355e+00,1.511457917259209083e+01
4.200000000000000178e+00,2.400000000000000355e+00,2.400000000000000355e+00,1.534400788280489003e+01
4.599999999999999645e+00,2.400000000000000355e+00,2.400000000000000355e+00,1.561162729414778916e+01
5.000000000000000000e+00,2.400000000000000355e+00,2.400000000000000355e+00,1.562775025454758548e+01
5.400000000000000355e+00,2.400000000000000355e+00,2.400000000000000355e+00,1.551994401304653870e+01
5.800000000000000711e+00,2.400000000000000355e+00,2.400000000000000355e+00,1.535448259866566367e+01
6.200000000000000178e+00,2.400000000000000355e+00,2.400000000000000355e+00,1.505240507199308020e+01
5.000000000000000000e+00,-1.600000000000000089e+00,2.800000000000000266e+00,1.634082191649189753e+01
5.400000000000000355e+00,-1.600000000000000089e+00,2.800000000000000266e+00,1.709469491717597123e+01
5.800000000000000711e+00,-1.600000000000000089e+00,2.800000000000000266e+00,1.700471945126938067e+01
6.200000000000000178e+00,-1.600000000000000089e+00,2.800000000000000266e+00,1.633164923620878639e+01
6.600000000000000533e+00,-1.600000000000000089e+00,2.800000000000000266e+00,1.547004004591885895e+01
4.599999999999999645e+00,-1.199999999999999956e+00,2.800000000000000266e+00,1.671126431407995128e+01
5.000000000000000000e+00,-1.199999999999999956e+00,2.800000000000000266e+00,1.924503926320194935e+01
5.400000000000000355e+00,-1.199999999999999956e+00,2.800000000000000266e+00,2.062705991907832370e+01
5.800000000000000711e+00,-1.199999999999999956e+00,2.800000000000000266e+00,2.044581431843969099e+01
6.200000000000000178e+00,-1.199999999999999956e+00,2.800000000000000266e+00,1.919042587291562540e+01
6.600000000000000533e+00,-1.199999999999999956e+00,2.800000000000000266e+00,1.765759283912649380e+01
7.000000000000000000e+00,-1.199999999999999956e+00,2.800000000000000266e+00,1.635674385514995066e+01
7.400000000000000355e+00,-1.199999999999999956e+00,2.800000000000000266e+00,1.539727695554677744e+01
4.599999999999999645e+00,-7.999999999999998224e-01,2.800000000000000266e+00,1.909782777215493965e+01
5.000000000000000000e+00,-7.999999999999998224e-01,2.800000000000000266e+00,2.342998986167124187e+01
5.400000000000000355e+00,-7.999999999999998224e-01,2.800000000000000266e+00,2.600821112538630331e+01
5.800000000000000711e+00,-7.999999999999998224e-01,2.800000000000000266e+00,2.572491118147178923e+01
6.200000000000000178e+00,-7.999999999999998224e-01,2.800000000000000266e+00,2.345008553235141946e+01
6.600000000000000533e+00,-7.999999999999998224e-01,2.800000000000000266e+00,2.076062247219719126e+01
7.000000000000000000e+00,-7.999999999999998224e-01,2.800000000000000266e+00,1.855587728461178543e+01
7.400000000000000355e+00,-7.999999999999998224e-01,2.800000000000000266e+00,1.695770768521004612e+01
7.800000000000000711e+00,-7.999999999999998224e-01,2.800000000000000266e+00,1.577277673106999956e+01
4.200000000000000178e+00,-3.999999999999999112e-01,2.800000000000000266e+00,1.582416928101138787e+01
4.599999999999999645e+00,-3.999999999999999112e-01,2.800000000000000266e+00,2.157487858823165894e+01
5.000000000000000000e+00,-3.999999999999999112e-01,2.800000000000000266e+00,2.833889599926583358e+01
5.400000000000000355e+00,-3.999999999999999112e-01,2.800000000000000266e+00,3.280025830958471289e+01
5.800000000000000711e+00,-3.999999999999999112e-01,2.800000000000000266e+00,3.246276220040708438e+01
6.200000000000000178e+00,-3.999999999999999112e-01,2.800000000000000266e+00,2.870050329394905475e+01
6.600000000000000533e+00,-3.999999999999999112e-01,2.800000000000000266e+00,2.435322653763721590e+01
7.000000000000000000e+00,-3.999999999999999112e-01,2.800000000000000266e+00,2.089896692119501509e+01
7.400000000000000355e+00,-3.999999999999999112e-01,2.800000000000000266e+00,1.846040672981665409e+01
7.800000000000000711e+00,-3.999999999999999112e-01,2.800000000000000266e+00,1.671810112604249099e+01
8.199999999999999289e+00,-3.999999999999999112e-01,2.800000000000000266e+00,1.540256924003698380e+01
4.200000000000000178e+00,0.000000000000000000e+00,2.800000000000000266e+00,1.642112426651404888e+01
4.599999999999999645e+00,0.000000000000000000e+00,2.800000000000000266e+00,2.315149638222028017e+01
5.000000000000000000e+00,0.000000000000000000e+00,2.800000000000000266e+00,3.187747154511614056e+01
5.400000000000000355e+00,0.000000000000000000e+00,2.800000000000000266e+00,3.828098278358269368e+01
5.800000000000000711e+00,0.000000000000000000e+00,2.800000000000000266e+00,3.815593154754469651e+01
6.200000000000000178e+00,0.000000000000000000e+00,2.800000000000000266e+00,3.305045775889781368e+01
6.600000000000000533e+00,0.000000000000000000e+00,2.800000000000000266e+00,2.712144814513615643e+01
7.000000000000000000e+00,0.000000000000000000e+00,2.800000000000000266e+00,2.249525743901540409e+01
7.400000000000000355e+00,0.000000000000000000e+00,2.800000000000000266e+00,1.931702019194305819e+01
7.800000000000000711e+00,0.000000000000000000e+00,2.800000000000000266e+00,1.714073223128561807e+01
8.199999999999999289e+00,0.000000000000000000e+00,2.800000000000000266e+00,1.558679476721572144e+01
4.200000000000000178e+00,4.000000000000003553e-01,2.800000000000000266e+00,1.668011894372067871e+01
4.599999999999999645e+00,4.000000000000003553e-01,2.800000000000000266e+00,2.315978160651383533e+01
5.000000000000000000e+00,4.000000000000003553e-01,2.800000000000000266e+00,3.192683499922286572e+01
5.400000000000000355e+00,4.000000000000003553e-01,2.800000000000000266e+00,3.889874991205999777e+01
5.800000000000000711e+00,4.000000000000003553e-01,2.800000000000000266e+00,3.924022810985954379e+01
6.200000000000000178e+00,4.000000000000003553e-01,2.800000000000000266e+00,3.399682648879026203e+01
6.600000000000000533e+00,4.000000000000003553e-01,2.800000000000000266e+00,2.761956900777043344e+01
7.000000000000000000e+00,4.000000000000003553e-01,2.800000000000000266e+00,2.258297689776620487e+01
7.400000000000000355e+00,4.000000000000003553e-01,2.800000000000000266e+00,1.915134490581186810e+01
7.800000000000000711e+00,4.000000000000003553e-01,2.800000000000000266e+00,1.686931341746363344e+01
8.199999999999999289e+00,4.000000000000003553e-01,2.800000000000000266e+00,1.530615262034988433e+01
4.200000000000000178e+00,8.000000000000002665e-01,2.800000000000000266e+00,1.672894233980940371e+01
4.599999999999999645e+00,8.000000000000002665e-01,2.800000000000000266e+00,2.191522230181679731e+01
5.000000000000000000e+00,8.000000000000002665e-01,2.800000000000000266e+00,2.875908060350198170e+01
5.400000000000000355e+00,8.000000000000002665e-01,2.800000000000000266e+00,3.433562929421064780e+01
5.800000000000000711e+00,8.000000000000002665e-01,2.800000000000000266e+00,3.494600166900667659e+01
6.200000000000000178e+00,8.000000000000002665e-01,2.800000000000000266e+00,3.096397117968899693e+01
6.600000000000000533e+00,8.000000000000002665e-01,2.800000000000000266e+00,2.567019713068596332e+01
7.000000000000000000e+00,8.000000000000002665e-01,2.800000000000000266e+00,2.124399655264334896e+01
7.400000000000000355e+00,8.000000000000002665e-01,2.800000000000000266e+00,1.813952582603126373e+01
7.800000000000000711e+00,8.000000000000002665e-01,2.800000000000000266e+00,1.607718206516781478e+01
4.200000000000000178e+00,1.200000000000000178e+00,2.800000000000000266e+00,1.660860798265650118e+01
4.599999999999999645e+00,1.200000000000000178e+00,2.800000000000000266e+00,2.013063135034278517e+01
5.000000000000000000e+00,1.200000000000000178e+00,2.800000000000000266e+00,2.437800705825700120e+01
5.400000000000000355e+00,1.200000000000000178e+00,2.800000000000000266e+00,2.771993893786942920e+01
5.800000000000000711e+00,1.200000000000000178e+00,2.800000000000000266e+00,2.822651448073735025e+01
6.200000000000000178e+00,1.200000000000000178e+00,2.800000000000000266e+00,2.591327505233473971e+01
6.600000000000000533e+00,1.200000000000000178e+00,2.800000000000000266e+00,2.242684679855542385e+01
7.000000000000000000e+00,1.200000000000000178e+00,2.800000000000000266e+00,1.919546225707690468e+01
7.400000000000000355e+00,1.200000000000000178e+00,2.800000000000000266e+00,1.676236079982808747e+01
7.800000000000000711e+00,1.200000000000000178e+00,2.800000000000000266e+00,1.509180989202573464e+01
4.200000000000000178e+00,1.600000000000000089e+00,2.800000000000000266e+00,1.620565997565545757e+01
4.599999999999999645e+00,1.600000000000000089e+00,2.800000000000000266e+00,1.826310226920878321e+01
5.000000000000000000e+00,1.600000000000000089e+00,2.800000000000000266e+00,2.041875364308603125e+01
5.400000000000000355e+00,1.600000000000000089e+00,2.800000000000000266e+00,2.198861634971130385e+01
5.800000000000000711e+00,1.600000000000000089e+00,2.800000000000000266e+00,2.224779346774814215e+01
6.200000000000000178e+00,1.600000000000000089e+00,2.800000000000000266e+00,2.111842419846916741e+01
6.600000000000000533e+00,1.600000000000000089e+00,2.800000000000000266e+00,1.916897769518227435e+01
7.000000000000000000e+00,1.600000000000000089e+00,2.800000000000000266e+00,1.711267752311981383e+01
7.400000000000000355e+00,1.600000000000000089e+00,2.800000000000000266e+00,1.540189656851844369e+01
4.200000000000000178e+00,2.000000000000000000e+00,2.800000000000000266e+00,1.549101733044509821e+01
4.599999999999999645e+00,2.000000000000000000e+00,2.800000000000000266e+00,1.653874520404140469e+01
5.000000000000000000e+00,2.000000000000000000e+00,2.800000000000000266e+00,1.745035588980499952e+01
5.400000000000000355e+00,2.000000000000000000e+00,2.800000000000000266e+00,1.803574333301417454e+01
5.800000000000000711e+00,2.000000000000000000e+00,2.800000000000000266e+00,1.809658009552048696e+01
6.200000000000000178e+00,2.000000000000000000e+00,2.800000000000000266e+00,1.756152944173528496e+01
6.600000000000000533e+00,2.000000000000000000e+00,2.800000000000000266e+00,1.655114491658669351e+01
7.000000000000000000e+00,2.000000000000000000e+00,2.800000000000000266e+00,1.534790359120378511e+01
4.599999999999999645e+00,2.400000000000000355e+00,2.800000000000000266e+00,1.509362295122981124e+01
5.000000000000000000e+00,2.400000000000000355e+00,2.800000000000000266e+00,1.540305182725744082e+01
5.400000000000000355e+00,2.400000000000000355e+00,2.800000000000000266e+00,1.554581431795355329e+01
5.800000000000000711e+00,2.400000000000000355e+00,2.800000000000000266e+00,1.549590468842331425e+01
6.200000000000000178e+00,2.400000000000000355e+00,2.800000000000000266e+00,1.520970398164542203e+01
5.000000000000000000e+00,-1.600000000000000089e+00,3.200000000000000178e+00,1.543613048818992795e+01
5.400000000000000355e+00,-1.600000000000000089e+00,3.200000000000000178e+00,1.610323903924562572e+01
5.800000000000000711e+00,-1.600000000000000089e+00,3.200000000000000178e+00,1.617040003336587972e+01
6.200000000000000178e+00,-1.600000000000000089e+00,3.200000000000000178e+00,1.576607979501499912e+01
6.600000000000000533e+00,-1.600000000000000089e+00,3.200000000000000178e+00,1.513773560287023123e+01
4.599999999999999645e+00,-1.199999999999999956e+00,3.200000000000000178e+00,1.562083330220840871e+01
5.000000000000000000e+00,-1.199999999999999956e+00,3.200000000000000178e+00,1.744810276701496576e+01
5.400000000000000355e+00,-1.199999999999999956e+00,3.200000000000000178e+00,1.853995076433782430e+01
5.800000000000000711e+00,-1.199999999999999956e+00,3.200000000000000178e+00,1.863168536280019438e+01
6.200000000000000178e+00,-1.199999999999999956e+00,3.200000000000000178e+00,1.792952468330227944e+01
6.600000000000000533e+00,-1.199999999999999956e+00,3.200000000000000178e+00,1.687924881958194234e+01
7.000000000000000000e+00,-1.199999999999999956e+00,3.200000000000000178e+00,1.584091290790701834e+01
4.599999999999999645e+00,-7.999999999999998224e-01,3.200000000000000178e+00,1.723470039861631165e+01
5.000000000000000000e+00,-7.999999999999998224e-01,3.200000000000000178e+00,2.002051700992066330e+01
5.400000000000000355e+00,-7.999999999999998224e-01,3.200000000000000178e+00,2.177847888885024830e+01
5.800000000000000711e+00,-7.999999999999998224e-01,3.200000000000000178e+00,2.193151035083647926e+01
6.200000000000000178e+00,-7.999999999999998224e-01,3.200000000000000178e+00,2.078030770478978084e+01
6.600000000000000533e+00,-7.999999999999998224e-01,3.200000000000000178e+00,1.909487582934145422e+01
7.000000000000000000e+00,-7.999999999999998224e-01,3.200000000000000178e+00,1.747297932752677951e+01
7.400000000000000355e+00,-7.999999999999998224e-01,3.200000000000000178e+00,1.614158869624592896e+01
7.800000000000000711e+00,-7.999999999999998224e-01,3.200000000000000178e+00,1.509434417816870422e+01
4.200000000000000178e+00,-3.999999999999999112e-01,3.200000000000000178e+00,1.511972339506687568e+01
4.599999999999999645e+00,-3.999999999999999112e-01,3.200000000000000178e+00,1.881752504575104723e+01
5.000000000000000000e+00,-3.999999999999999112e-01,3.200000000000000178e+00,2.270861853654168527e+01
5.400000000000000355e+00,-3.999999999999999112e-01,3.200000000000000178e+00,2.532572401425930764e+01
5.800000000000000711e+00,-3.999999999999999112e-01,3.200000000000000178e+00,2.559873121448323019e+01
6.200000000000000178e+00,-3.999999999999999112e-01,3.200000000000000178e+00,2.389720185262171270e+01
6.600000000000000533e+00,-3.999999999999999112e-01,3.200000000000000178e+00,2.142354723986757747e+01
7.000000000000000000e+00,-3.999999999999999112e-01,3.200000000000000178e+00,1.909330335023223313e+01
7.400000000000000355e+00,-3.999999999999999112e-01,3.200000000000000178e+00,1.722729693538117957e+01
7.800000000000000711e+00,-3.999999999999999112e-01,3.200000000000000178e+00,1.580326436290401304e+01
4.200000000000000178e+00,0.000000000000000000e+00,3.200000000000000178e+00,1.566187621894139781e+01
4.599999999999999645e+00,0.000000000000000000e+00,3.200000000000000178e+00,1.987294536736801476e+01
5.000000000000000000e+00,0.000000000000000000e+00,3.200000000000000178e+00,2.457410430789830258e+01
5.400000000000000355e+00,0.000000000000000000e+00,3.200000000000000178e+00,2.793845849849261143e+01
5.800000000000000711e+00,0.000000000000000000e+00,3.200000000000000178e+00,2.839229051741758170e+01
6.200000000000000178e+00,0.000000000000000000e+00,3.200000000000000178e+00,2.626428750619172803e+01
6.600000000000000533e+00,0.000000000000000000e+00,3.200000000000000178e+00,2.312493293328093813e+01
7.000000000000000000e+00,0.000000000000000000e+00,3.200000000000000178e+00,2.019278968107747829e+01
7.400000000000000355e+00,0.000000000000000000e+00,3.200000000000000178e+00,1.788637703932254652e+01
7.800000000000000711e+00,0.000000000000000000e+00,3.200000000000000178e+00,1.617266088128140566e+01
4.200000000000000178e+00,4.000000000000003553e-01,3.200000000000000178e+00,1.591628314362673180e+01
4.599999999999999645e+00,4.000000000000003553e-01,3.200000000000000178e+00,2.004046720262615366e+01
5.000000000000000000e+00,4.000000000000003553e-01,3.200000000000000178e+00,2.476987995682318910e+01
5.400000000000000355e+00,4.000000000000003553e-01,3.200000000000000178e+00,2.831104479094194559e+01
5.800000000000000711e+00,4.000000000000003553e-01,3.200000000000000178e+00,2.892349222803278153e+01
6.200000000000000178e+00,4.000000000000003553e-01,3.200000000000000178e+00,2.677524442498022594e+01
6.600000000000000533e+00,4.000000000000003553e-01,3.200000000000000178e+00,2.347112161588882984e+01
7.000000000000000000e+00,4.000000000000003553e-01,3.200000000000000178e+00,2.034400615047202265e+01
7.400000000000000355e+00,4.000000000000003553e-01,3.200000000000000178e+00,1.788583651035688149e+01
7.800000000000000711e+00,4.000000000000003553e-01,3.200000000000000178e+00,1.608354251559770631e+01
4.200000000000000178e+00,8.000000000000002665e-01,3.200000000000000178e+00,1.590052344026296893e+01
4.599999999999999645e+00,8.000000000000002665e-01,3.200000000000000178e+00,1.937267369460463584e+01
5.000000000000000000e+00,8.000000000000002665e-01,3.200000000000000178e+00,2.330227276913749890e+01
5.400000000000000355e+00,8.000000000000002665e-01,3.200000000000000178e+00,2.629107767634210191e+01
5.800000000000000711e+00,8.000000000000002665e-01,3.200000000000000178e+00,2.691466730928058837e+01
6.200000000000000178e+00,8.000000000000002665e-01,3.200000000000000178e+00,2.518235558265356033e+01
6.600000000000000533e+00,8.000000000000002665e-01,3.200000000000000178e+00,2.233360771772259312e+01
7.000000000000000000e+00,8.000000000000002665e-01,3.200000000000000178e+00,1.952583135647040891e+01
7.400000000000000355e+00,8.000000000000002665e-01,3.200000000000000178e+00,1.726422547526415485e+01
7.800000000000000711e+00,8.000000000000002665e-01,3.200000000000000178e+00,1.559384742341324248e+01
4.200000000000000178e+00,1.200000000000000178e+00,3.200000000000000178e+00,1.566049841388557518e+01
4.599999999999999645e+00,1.200000000000000178e+00,3.200000000000000178e+00,1.820423555033885776e+01
5.000000000000000000e+00,1.200000000000000178e+00,3.200000000000000178e+00,2.093866199946532802e+01
5.400000000000000355e+00,1.200000000000000178e+00,3.200000000000000178e+00,2.298482577371904512e+01
5.800000000000000711e+00,1.200000000000000178e+00,3.200000000000000178e+00,2.346372271282523414e+01
6.200000000000000178e+00,1.200000000000000178e+00,3.200000000000000178e+00,2.231498877408186132e+01
6.600000000000000533e+00,1.200000000000000178e+00,3.200000000000000178e+00,2.026195335460080571e+01
7.000000000000000000e+00,1.200000000000000178e+00,3.200000000000000178e+00,1.810070607932349418e+01
7.400000000000000355e+00,1.200000000000000178e+00,3.200000000000000178e+00,1.627071416938771620e+01
4.200000000000000178e+00,1.600000000000000089e+00,3.200000000000000178e+00,1.522141859626723637e+01
4.599999999999999645e+00,1.600000000000000089e+00,3.200000000000000178e+00,1.686993532087387138e+01
5.000000000000000000e+00,1.600000000000000089e+00,3.200000000000000178e+00,1.850326579753504319e+01
5.400000000000000355e+00,1.600000000000000089e+00,3.200000000000000178e+00,1.967403467358243674e+01
5.800000000000000711e+00,1.600000000000000089e+00,3.200000000000000178e+00,1.995639574735379540e+01
6.200000000000000178e+00,1.600000000000000089e+00,3.200000000000000178e+00,1.928724530294551087e+01
6.600000000000000533e+00,1.600000000000000089e+00,3.200000000000000178e+00,1.799218853678527452e+01
7.000000000000000000e+00,1.600000000000000089e+00,3.200000000000000178e+00,1.651593045189803988e+01
7.400000000000000355e+00,1.600000000000000089e+00,3.200000000000000178e+00,1.517865898012135339e+01
4.599999999999999645e+00,2.000000000000000000e+00,3.200000000000000178e+00,1.559102742838141786e+01
5.000000000000000000e+00,2.000000000000000000e+00,3.200000000000000178e+00,1.645030709065463270e+01
5.400000000000000355e+00,2.000000000000000000e+00,3.200000000000000178e+00,1.702437013452299297e+01
5.800000000000000711e+00,2.000000000000000000e+00,3.200000000000000178e+00,1.714556552974087467e+01
6.200000000000000178e+00,2.000000000000000000e+00,3.200000000000000178e+00,1.676974969563644180e+01
6.600000000000000533e+00,2.000000000000000000e+00,3.200000000000000178e+00,1.601101311257925275e+01
7.000000000000000000e+00,2.000000000000000000e+00,3.200000000000000178e+00,1.507884254498023857e+01
5.400000000000000355e+00,2.400000000000000355e+00,3.200000000000000178e+00,1.512818562373596976e+01
5.800000000000000711e+00,2.400000000000000355e+00,3.200000000000000178e+00,1.514787753925777913e+01
5.400000000000000355e+00,-1.600000000000000089e+00,3.600000000000000089e+00,1.506555047280116177e+01
5.800000000000000711e+00,-1.600000000000000089e+00,3.600000000000000089e+00,1.519517769168647447e+01
5.000000000000000000e+00,-1.199999999999999956e+00,3.600000000000000089e+00,1.586527506547086652e+01
5.400000000000000355e+00,-1.199999999999999956e+00,3.600000000000000089e+00,1.666564915782171141e+01
5.800000000000000711e+00,-1.199999999999999956e+00,3.600000000000000089e+00,1.684617860918801924e+01
6.200000000000000178e+00,-1.199999999999999956e+00,3.600000000000000089e+00,1.648770972248084732e+01
6.600000000000000533e+00,-1.199999999999999956e+00,3.600000000000000089e+00,1.582176962504661688e+01
7.000000000000000000e+00,-1.199999999999999956e+00,3.600000000000000089e+00,1.507467612951725400e+01
4.599999999999999645e+00,-7.999999999999998224e-01,3.600000000000000089e+00,1.565921546567844480e+01
5.000000000000000000e+00,-7.999999999999998224e-01,3.600000000000000089e+00,1.742525496020586218e+01
5.400000000000000355e+00,-7.999999999999998224e-01,3.600000000000000089e+00,1.858066255069319084e+01
5.800000000000000711e+00,-7.999999999999998224e-01,3.600000000000000089e+00,1.883695533596513982e+01
6.200000000000000178e+00,-7.999999999999998224e-01,3.600000000000000089e+00,1.829178865152961464e+01
6.600000000000000533e+00,-7.999999999999998224e-01,3.600000000000000089e+00,1.730179421797973660e+01
7.000000000000000000e+00,-7.999999999999998224e-01,3.600000000000000089e+00,1.621423443615406512e+01
7.400000000000000355e+00,-7.999999999999998224e-01,3.600000000000000089e+00,1.522526253033905697e+01
4.599999999999999645e+00,-3.999999999999999112e-01,3.600000000000000089e+00,1.665386342453023616e+01
5.000000000000000000e+00,-3.999999999999999112e-01,3.600000000000000089e+00,1.893262103011999997e+01
5.400000000000000355e+00,-3.999999999999999112e-01,3.600000000000000089e+00,2.048161279252376232e+01
5.800000000000000711e+00,-3.999999999999999112e-01,3.600000000000000089e+00,2.083564352876311077e+01
6.200000000000000178e+00,-3.999999999999999112e-01,3.600000000000000089e+00,2.008973120921508126e+01
6.600000000000000533e+00,-3.999999999999999112e-01,3.600000000000000089e+00,1.874174202358033980e+01
7.000000000000000000e+00,-3.999999999999999112e-01,3.600000000000000089e+00,1.728170671288706828e+01
7.400000000000000355e+00,-3.999999999999999112e-01,3.600000000000000089e+00,1.597855209318314884e+01
4.599999999999999645e+00,0.000000000000000000e+00,3.600000000000000089e+00,1.733019034730247299e+01
5.000000000000000000e+00,0.000000000000000000e+00,3.600000000000000089e+00,1.995334173276760126e+01
5.400000000000000355e+00,0.000000000000000000e+00,3.600000000000000089e+00,2.180216937601514360e+01
5.800000000000000711e+00,0.000000000000000000e+00,3.600000000000000089e+00,2.225306181363093572e+01
6.200000000000000178e+00,0.000000000000000000e+00,3.600000000000000089e+00,2.136752071244292850e+01
6.600000000000000533e+00,0.000000000000000000e+00,3.600000000000000089e+00,1.974432491465912776e+01
7.000000000000000000e+00,0.000000000000000000e+00,3.600000000000000089e+00,1.799220374995361027e+01
7.400000000000000355e+00,0.000000000000000000e+00,3.600000000000000089e+00,1.644528061603273272e+01
7.800000000000000711e+00,0.000000000000000000e+00,3.600000000000000089e+00,1.519668086297226139e+01
4.599999999999999645e+00,4.000000000000003553e-01,3.600000000000000089e+00,1.749954128965827849e+01
5.000000000000000000e+00,4.000000000000003553e-01,3.600000000000000089e+00,2.012858309671440438e+01
5.400000000000000355e+00,4.000000000000003553e-01,3.600000000000000089e+00,2.203063967160125713e+01
5.800000000000000711e+00,4.000000000000003553e-01,3.600000000000000089e+00,2.253279136384402292e+01
6.200000000000000178e+00,4.000000000000003553e-01,3.600000000000000089e+00,2.164343608807834940e+01
6.600000000000000533e+00,4.000000000000003553e-01,3.600000000000000089e+00,1.995762145609212368e+01
7.000000000000000000e+00,4.000000000000003553e-01,3.600000000000000089e+00,1.811687425308857158e+01
7.400000000000000355e+00,4.000000000000003553e-01,3.600000000000000089e+00,1.648815206600506755e+01
7.800000000000000711e+00,4.000000000000003553e-01,3.600000000000000089e+00,1.518128887886936518e+01
4.599999999999999645e+00,8.000000000000002665e-01,3.600000000000000089e+00,1.715416317909192756e+01
5.000000000000000000e+00,8.000000000000002665e-01,3.600000000000000089e+00,1.943107845548336954e+01
5.400000000000000355e+00,8.000000000000002665e-01,3.600000000000000089e+00,2.109464285775305470e+01
5.800000000000000711e+00,8.000000000000002665e-01,3.600000000000000089e+00,2.156627819885937214e+01
6.200000000000000178e+00,8.000000000000002665e-01,3.600000000000000089e+00,2.081257243078639263e+01
6.600000000000000533e+00,8.000000000000002665e-01,3.600000000000000089e+00,1.931209361001168645e+01
7.000000000000000000e+00,8.000000000000002665e-01,3.600000000000000089e+00,1.762697047742560130e+01
7.400000000000000355e+00,8.000000000000002665e-01,3.600000000000000089e+00,1.610797044518394472e+01
4.599999999999999645e+00,1.200000000000000178e+00,3.600000000000000089e+00,1.644351134709766882e+01
5.000000000000000000e+00,1.200000000000000178e+00,3.600000000000000089e+00,1.816050283589144598e+01
5.400000000000000355e+00,1.200000000000000178e+00,3.600000000000000089e+00,1.940432242302381738e+01
5.800000000000000711e+00,1.200000000000000178e+00,3.600000000000000089e+00,1.977375820759911207e+01
6.200000000000000178e+00,1.200000000000000178e+00,3.600000000000000089e+00,1.922194609177351055e+01
6.600000000000000533e+00,1.200000000000000178e+00,3.600000000000000089e+00,1.806096641648894874e+01
7.000000000000000000e+00,1.200000000000000178e+00,3.600000000000000089e+00,1.670081385974613397e+01
7.400000000000000355e+00,1.200000000000000178e+00,3.600000000000000089e+00,1.543190136198341911e+01
4.599999999999999645e+00,1.600000000000000089e+00,3.600000000000000089e+00,1.556308969980665502e+01
5.000000000000000000e+00,1.600000000000000089e+00,3.600000000000000089e+00,1.670989827200835620e+01
5.400000000000000355e+00,1.600000000000000089e+00,3.600000000000000089e+00,1.751946031211703669e+01
5.800000000000000711e+00,1.600000000000000089e+00,3.600000000000000089e+00,1.776124950957042259e+01
6.200000000000000178e+00,1.600000000000000089e+00,3.600000000000000089e+00,1.739537244017434148e+01
6.600000000000000533e+00,1.600000000000000089e+00,3.600000000000000089e+00,1.658990594477424807e+01
7.000000000000000000e+00,1.600000000000000089e+00,3.600000000000000089e+00,1.559862004771799349e+01
5.000000000000000000e+00,2.000000000000000000e+00,3.600000000000000089e+00,1.536408431082801229e+01
5.400000000000000355e+00,2.000000000000000000e+00,3.600000000000000089e+00,1.583183982522739086e+01
5.800000000000000711e+00,2.000000000000000000e+00,3.600000000000000089e+00,1.596206870442775205e+01
6.200000000000000178e+00,2.000000000000000000e+00,3.600000000000000089e+00,1.572808018034228184e+01
6.600000000000000533e+00,2.000000000000000000e+00,3.600000000000000089e+00,1.520649525192847840e+01
5.400000000000000355e+00,-1.199999999999999956e+00,4.000000000000000000e+00,1.516610372549060948e+01
5.800000000000000711e+00,-1.199999999999999956e+00,4.000000000000000000e+00,1.534883024831151666e+01
6.200000000000000178e+00,-1.199999999999999956e+00,4.000000000000000000e+00,1.517998986203987144e+01
5.000000000000000000e+00,-7.999999999999998224e-01,4.000000000000000000e+00,1.555187980640730672e+01
5.400000000000000355e+00,-7.999999999999998224e-01,4.000000000000000000e+00,1.630451447166444368e+01
5.800000000000000711e+00,-7.999999999999998224e-01,4.000000000000000000e+00,1.654304268537703493e+01
6.200000000000000178e+00,-7.999999999999998224e-01,4.000000000000000000e+00,1.629767471146067948e+01
6.600000000000000533e+00,-7.999999999999998224e-01,4.000000000000000000e+00,1.573303777156649197e+01
7.000000000000000000e+00,-7.999999999999998224e-01,4.000000000000000000e+00,1.503890260909799537e+01
4.599999999999999645e+00,-3.999999999999999112e-01,4.000000000000000000e+00,1.505453386294863627e+01
5.000000000000000000e+00,-3.999999999999999112e-01,4.000000000000000000e+00,1.642213832774744020e+01
5.400000000000000355e+00,-3.999999999999999112e-01,4.000000000000000000e+00,1.736047728719111660e+01
5.800000000000000711e+00,-3.999999999999999112e-01,4.000000000000000000e+00,1.765824364119277234e+01
6.200000000000000178e+00,-3.999999999999999112e-01,4.000000000000000000e+00,1.733748114925651151e+01
6.600000000000000533e+00,-3.999999999999999112e-01,4.000000000000000000e+00,1.660967869887012327e+01
7.000000000000000000e+00,-3.999999999999999112e-01,4.000000000000000000e+00,1.572459583107672110e+01
4.599999999999999645e+00,0.000000000000000000e+00,4.000000000000000000e+00,1.548304616464267802e+01
5.000000000000000000e+00,0.000000000000000000e+00,4.000000000000000000e+00,1.700331991485894179e+01
5.400000000000000355e+00,0.000000000000000000e+00,4.000000000000000000e+00,1.806845121312699476e+01
5.800000000000000711e+00,0.000000000000000000e+00,4.000000000000000000e+00,1.841299443749032605e+01
6.200000000000000178e+00,0.000000000000000000e+00,4.000000000000000000e+00,1.804253122557839006e+01
6.600000000000000533e+00,0.000000000000000000e+00,4.000000000000000000e+00,1.719719294434955614e+01
7.000000000000000000e+00,0.000000000000000000e+00,4.000000000000000000e+00,1.617124996756801636e+01
7.400000000000000355e+00,0.000000000000000000e+00,4.000000000000000000e+00,1.517521132567787312e+01
4.599999999999999645e+00,4.000000000000003553e-01,4.000000000000000000e+00,1.561631369953305182e+01
5.000000000000000000e+00,4.000000000000003553e-01,4.000000000000000000e+00,1.713308075991660573e+01
5.400000000000000355e+00,4.000000000000003553e-01,4.000000000000000000e+00,1.821185183952392705e+01
5.800000000000000711e+00,4.000000000000003553e-01,4.000000000000000000e+00,1.857095928816213970e+01
6.200000000000000178e+00,4.000000000000003553e-01,4.000000000000000000e+00,1.819719273964411599e+01
6.600000000000000533e+00,4.000000000000003553e-01,4.000000000000000000e+00,1.732531593436440076e+01
7.000000000000000000e+00,4.000000000000003553e-01,4.000000000000000000e+00,1.625831181158321570e+01
7.400000000000000355e+00,4.000000000000003553e-01,4.000000000000000000e+00,1.521965477190372518e+01
4.599999999999999645e+00,8.000000000000002665e-01,4.000000000000000000e+00,1.543881614840669059e+01
5.000000000000000000e+00,8.000000000000002665e-01,4.000000000000000000e+00,1.678910346756718752e+01
5.400000000000000355e+00,8.000000000000002665e-01,4.000000000000000000e+00,1.775492401865690439e+01
5.800000000000000711e+00,8.000000000000002665e-01,4.000000000000000000e+00,1.808549644410476276e+01
6.200000000000000178e+00,8.000000000000002665e-01,4.000000000000000000e+00,1.775509728588297165e+01
6.600000000000000533e+00,8.000000000000002665e-01,4.000000000000000000e+00,1.695883717841442362e+01
7.000000000000000000e+00,8.000000000000002665e-01,4.000000000000000000e+00,1.596595972733387825e+01
4.599999999999999645e+00,1.200000000000000178e+00,4.000000000000000000e+00,1.501729957135489180e+01
5.000000000000000000e+00,1.200000000000000178e+00,4.000000000000000000e+00,1.609420680834054096e+01
5.400000000000000355e+00,1.200000000000000178e+00,4.000000000000000000e+00,1.686034489590831953e+01
5.800000000000000711e+00,1.200000000000000178e+00,4.000000000000000000e+00,1.712696675107542532e+01
6.200000000000000178e+00,1.200000000000000178e+00,4.000000000000000000e+00,1.686593998418089058e+01
6.600000000000000533e+00,1.200000000000000178e+00,4.000000000000000000e+00,1.621540534550586088e+01
7.000000000000000000e+00,1.200000000000000178e+00,4.000000000000000000e+00,1.538219970546304793e+01
5.000000000000000000e+00,1.600000000000000089e+00,4.000000000000000000e+00,1.523555525168619873e+01
5.400000000000000355e+00,1.600000000000000089e+00,4.000000000000000000e+00,1.577980503548629621e+01
5.800000000000000711e+00,1.600000000000000089e+00,4.000000000000000000e+00,1.596808567247187405e+01
6.200000000000000178e+00,1.600000000000000089e+00,4.000000000000000000e+00,1.577717022239287559e+01
6.600000000000000533e+00,1.600000000000000089e+00,4.000000000000000000e+00,1.529159584495728907e+01
5.400000000000000355e+00,-3.999999999999999112e-01,4.400000000000000355e+00,1.532718508485851494e+01
5.800000000000000711e+00,-3.999999999999999112e-01,4.400000000000000355e+00,1.555046870086837174e+01
6.200000000000000178e+00,-3.999999999999999112e-01,4.400000000000000355e+00,1.541758869315250990e+01
6.600000000000000533e+00,-3.999999999999999112e-01,4.400000000000000355e+00,1.502241318058332453e+01
5.000000000000000000e+00,0.000000000000000000e+00,4.400000000000000355e+00,1.508739246872654149e+01
5.400000000000000355e+00,0.000000000000000000e+00,4.400000000000000355e+00,1.572624402982572001e+01
5.800000000000000711e+00,0.000000000000000000e+00,4.400000000000000355e+00,1.597152314821265762e+01
6.200000000000000178e+00,0.000000000000000000e+00,4.400000000000000355e+00,1.581882043450414344e+01
6.600000000000000533e+00,0.000000000000000000e+00,4.400000000000000355e+00,1.537059001139795633e+01
5.000000000000000000e+00,4.000000000000003553e-01,4.400000000000000355e+00,1.517809990986116908e+01
5.400000000000000355e+00,4.000000000000003553e-01,4.400000000000000355e+00,1.581818947166062905e+01
5.800000000000000711e+00,4.000000000000003553e-01,4.400000000000000355e+00,1.606581593308870026e+01
6.200000000000000178e+00,4.000000000000003553e-01,4.400000000000000355e+00,1.590942877544526901e+01
6.600000000000000533e+00,4.000000000000003553e-01,4.400000000000000355e+00,1.544827914001488089e+01
5.000000000000000000e+00,8.000000000000002665e-01,4.400000000000000355e+00,1.500232489532487179e+01
5.400000000000000355e+00,8.000000000000002665e-01,4.400000000000000355e+00,1.558445350375758487e+01
5.800000000000000711e+00,8.000000000000002665e-01,4.400000000000000355e+00,1.581146689019667306e+01
6.200000000000000178e+00,8.000000000000002665e-01,4.400000000000000355e+00,1.566762474340292144e+01
6.600000000000000533e+00,8.000000000000002665e-01,4.400000000000000355e+00,1.523759693425743222e+01
5.400000000000000355e+00,1.200000000000000178e+00,4.400000000000000355e+00,1.509409577416480985e+01
5.800000000000000711e+00,1.200000000000000178e+00,4.400000000000000355e+00,1.528201633409332416e+01
6.200000000000000178e+00,1.200000000000000178e+00,4.400000000000000355e+00,1.516098461973363953e+01
0.000000000000000000e+00,0.000000000000000000e+00,0.000000000000000000e+00,0.000000000000000000e+00
