44,43.951892,3
44,43.951895,1
44,43.952095,6
44,43.952117,5
44,43.952120,4
44,43.952134,6
44,43.952137,1
44,43.952141,2
44,43.952147,1
44,43.952150,3
44,44.000254,5
44,44.100100,4
44,44.200092,3
44,44.300099,6
44,44.400128,4
44,44.500150,4
44,44.600159,2
44,44.700212,2
44,44.800119,2
44,44.900092,4
44,45.000081,2
44,45.100157,5
44,45.200073,3
44,45.300110,4
44,45.400164,3
44,45.500119,2
44,45.600165,5
44,45.700114,5
44,45.800093,4
44,45.900078,4
44,46.000156,3
44,46.100122,0
44,46.200132,2
44,46.300123,2
44,46.400127,2
44,46.500104,4
44,46.600101,4
44,46.700197,5
44,46.800128,3
44,46.900103,5
44,47.000128,3
44,47.100101,5
44,47.200163,2
44,47.300142,1
44,47.400174,4
44,47.500137,2
44,47.600151,5
44,47.700162,3
44,47.800131,1
44,47.900166,2
44,48.000143,4
44,48.100168,10
44,48.200132,4
44,48.300177,2
44,48.400125,1
44,48.500157,2
44,48.600191,2
44,48.700149,3
44,48.800131,2
44,48.900097,2
44,49.000192,3
44,49.100128,4
44,49.200193,3
44,49.300188,2
44,49.400134,3
44,49.500125,0
44,49.600176,2
44,49.700257,3
44,49.800212,3
44,49.900164,4
44,50.000324,2
44,50.100225,6
44,50.200344,3
44,50.300283,3
44,50.400292,3
44,50.500321,1
44,50.600335,4
44,50.700305,1
44,50.800265,2
44,50.900535,1
44,51.000249,2
44,51.100553,3
44,51.200306,6
44,51.300281,4
44,51.400263,4
44,51.500288,1
44,51.600261,3
44,51.700262,4
44,51.800215,2
44,51.900229,2
44,52.000258,5
44,52.100245,3
44,52.200403,6
44,52.300226,3
44,52.400208,7
44,52.500225,1
44,52.600350,2
44,52.700238,4
44,52.800281,2
44,52.900201,5
44,53.000233,4
44,53.100264,4
44,53.200317,4
44,53.300276,5
44,53.400461,3
44,53.500276,4
44,53.600408,1
44,53.700310,4
44,53.800327,4
44,53.902498,3
44,54.000410,1
44,54.100370,2
44,54.200243,5
44,54.300242,3
44,54.400337,3
44,54.500409,2
44,54.600352,4
44,54.700261,2
44,54.800283,3
44,54.900301,2
44,55.000309,2
44,55.100300,2
44,55.200306,2
44,55.300334,2
44,55.400260,7
44,55.500344,3
44,55.600327,0
44,55.700296,5
44,55.800366,0
44,55.900364,2
44,56.000461,4
44,56.100862,4
44,56.200308,4
44,56.300257,4
44,56.400381,3
44,56.500415,5
44,56.600405,5
44,56.701080,5
44,56.800411,2
44,56.900626,5
44,57.000411,3
44,57.100404,1
44,57.200496,5
44,57.300326,3
44,57.404109,3
44,57.500474,3
44,57.600349,2
44,57.700629,4
44,57.800251,1
44,57.900474,2
44,58.000341,0
44,58.103646,2
44,58.200258,3
44,58.301012,2
44,58.400410,2
44,58.500468,3
44,58.600833,2
44,58.700351,3
44,58.800368,0
44,58.900484,4
44,59.000478,4
44,59.100539,1
44,59.200365,1
44,59.300518,4
44,59.403483,5
44,59.500382,7
44,59.600370,3
44,59.703032,4
44,59.800467,4
44,59.900387,2
45,00.000528,1
45,00.100542,2
45,00.200400,4
45,00.300443,3
45,00.400408,2
45,00.500612,5
45,00.601000,3
45,00.701484,5
45,00.800459,2
45,00.900335,0
45,01.003972,4
45,01.100823,2
45,01.200887,1
45,01.301493,3
45,01.400360,2
45,01.502772,4
45,01.601213,2
45,01.701246,2
45,01.801123,6
45,01.900902,1
45,02.003940,2
45,02.100409,1
45,02.201231,5
45,02.300297,6
45,02.402179,5
45,02.500413,5
45,02.600396,2
45,02.700444,1
45,02.800370,5
45,02.900938,6
45,03.000378,4
45,03.100398,5
45,03.201165,2
45,03.300523,3
45,03.401006,6
45,03.500395,5
45,03.600332,3
45,03.700545,2
45,03.800595,2
45,03.900734,4
45,04.000623,3
45,04.100630,3
45,04.200450,5
45,04.302464,2
45,04.402623,4
45,04.503705,3
45,04.600448,3
45,04.700379,1
45,04.800392,1
45,04.900408,4
45,05.000493,2
45,05.100537,3
45,05.200336,5
45,05.300364,3
45,05.400711,4
45,05.501272,4
45,05.600404,3
45,05.701621,4
45,05.800448,3
45,05.900342,3
45,06.000560,3
45,06.100605,2
45,06.200483,2
45,06.300414,1
45,06.400666,2
45,06.500381,5
45,06.600512,6
45,06.702388,2
45,06.800460,4
45,06.900394,4
45,07.000594,3
45,07.100414,1
45,07.200445,4
45,07.300499,4
45,07.400458,2
45,07.500843,5
45,07.600714,3
45,07.700619,0
45,07.800440,3
45,07.901169,2
45,08.000866,0
45,08.100450,3
45,08.200429,3
45,08.300399,2
45,08.401043,3
45,08.500491,0
45,08.600485,2
45,08.700316,1
45,08.800442,4
45,08.900402,3
45,09.002258,3
45,09.100412,2
45,09.200421,2
45,09.300464,2
45,09.400486,2
45,09.500796,1
45,09.600467,4
45,09.700411,1
45,09.800503,4
45,09.900484,7
45,10.001446,2
45,10.100437,4
45,10.200449,7
45,10.300469,5
45,10.400473,2
45,10.500573,3
45,10.600460,0
45,10.700368,5
45,10.800515,2
45,10.900908,2
45,11.000476,2
45,11.100377,4
45,11.200405,3
45,11.300361,0
45,11.400773,3
45,11.501653,2
45,11.600508,1
45,11.700455,3
45,11.800422,4
45,11.900423,5
45,12.000578,1
45,12.100446,1
45,12.200398,2
45,12.300401,4
45,12.400414,6
45,12.500641,3
45,12.600441,6
45,12.700438,4
45,12.800514,4
45,12.900497,2
45,13.000560,2
45,13.100608,1
45,13.200439,8
45,13.300419,3
45,13.400477,5
45,13.500701,3
45,13.600495,2
45,13.700450,4
45,13.800522,2
45,13.900533,5
45,14.000674,4
45,14.100478,2
45,14.200504,3
45,14.300468,1
45,14.400533,1
45,14.500478,6
45,14.602023,4
45,14.700477,4
45,14.800531,2
45,14.900514,0
45,15.000530,4
45,15.100497,1
45,15.200418,4
45,15.300532,4
45,15.400484,2
45,15.500614,3
45,15.600722,8
45,15.700552,2
45,15.800533,3
45,15.900589,2
45,16.000604,3
45,16.100581,3
45,16.200449,7
45,16.300528,4
45,16.400486,4
45,16.501209,1
45,16.600473,4
45,16.700577,3
45,16.800577,5
45,16.900478,2
45,17.000578,3
45,17.102520,2
45,17.200486,3
45,17.300486,4
45,17.400503,4
45,17.503741,1
45,17.600553,3
45,17.700599,2
45,17.800483,3
45,17.900506,4
45,18.000541,0
45,18.100589,2
45,18.200524,4
45,18.301455,2
45,18.400504,2
45,18.500723,2
45,18.600803,4
45,18.700520,6
45,18.800568,1
45,18.900507,3
45,19.001088,4
45,19.100500,1
45,19.200501,2
45,19.300543,2
45,19.400546,3
45,19.500625,6
45,19.600646,1
45,19.700568,3
45,19.800645,2
45,19.900494,3
45,20.000551,2
45,20.100567,3
45,20.200457,4
45,20.300498,2
45,20.400562,0
45,20.500599,0
45,20.600544,3
45,20.700527,2
45,20.800549,3
45,20.900487,2
45,21.000638,2
45,21.100564,0
45,21.200539,0
45,21.300520,5
45,21.400523,0
45,21.500714,3
45,21.600547,7
45,21.700513,2
45,21.800599,4
45,21.900524,3
45,22.000815,3
45,22.100636,2
45,22.200567,2
45,22.300573,2
45,22.400631,3
45,22.500606,4
45,22.600518,3
45,22.700572,3
45,22.800517,3
45,22.900545,9
45,23.000678,2
45,23.100571,3
45,23.200795,3
45,23.300554,1
45,23.400725,1
45,23.500681,6
45,23.600571,3
45,23.700617,2
45,23.800549,3
45,23.900592,1
45,24.000702,6
45,24.100577,4
45,24.200556,2
45,24.300559,11
45,24.400717,5
45,24.500645,8
45,24.600451,4
45,24.700551,4
45,24.800568,1
45,24.900632,3
45,25.000793,3
45,25.100536,1
45,25.200559,3
45,25.300632,3
45,25.400658,5
45,25.500864,1
45,25.600529,4
45,25.700544,4
45,25.800571,5
45,25.900628,1
45,26.001075,3
45,26.100644,5
45,26.200585,3
45,26.300544,2
45,26.400584,6
45,26.500758,0
45,26.600613,1
45,26.700594,3
45,26.800643,5
45,26.900846,3
45,27.000656,4
45,27.100561,2
45,27.200604,6
45,27.300659,2
45,27.400611,7
45,27.500641,5
45,27.600554,3
45,27.700594,2
45,27.800614,7
45,27.900562,2
45,28.000561,5
45,28.100531,5
45,28.200650,4
45,28.300627,5
45,28.400554,7
45,28.500632,5
45,28.600574,4
45,28.700521,4
45,28.800631,3
45,28.900573,6
45,29.000635,3
45,29.100573,5
45,29.200589,4
45,29.300678,4
45,29.400588,4
45,29.500785,8
45,29.600601,6
45,29.700615,3
45,29.800728,8
45,29.900574,3
45,30.000876,8
45,30.100697,5
45,30.200606,7
45,30.300607,4
45,30.400578,5
45,30.501128,3
45,30.600548,3
45,30.700566,7
45,30.800657,3
45,30.900623,3
45,31.000752,2
45,31.100635,6
45,31.200647,4
45,31.300575,4
45,31.400586,1
45,31.500833,4
45,31.600581,2
45,31.700682,2
45,31.800725,5
45,31.900557,3
45,32.000704,10
45,32.100636,4
45,32.200538,2
45,32.300596,4
45,32.400639,4
45,32.500829,8
45,32.600555,3
45,32.700566,8
45,32.800757,3
45,32.900764,5
45,33.000653,2
45,33.100553,7
45,33.200652,2
45,33.300676,4
45,33.400622,6
45,33.500936,3
45,33.600655,2
45,33.700776,2
45,33.800642,5
45,33.900553,4
45,34.000804,4
45,34.100667,4
45,34.201655,6
45,34.300671,4
45,34.400654,7
45,34.502847,2
45,34.600716,6
45,34.700691,3
45,34.800664,4
45,34.900715,6
45,35.000820,2
45,35.101149,4
45,35.200749,5
45,35.300769,7
45,35.400689,4
45,35.500669,2
45,35.600698,8
45,35.700644,4
45,35.800657,1
45,35.900703,2
45,36.000998,5
45,36.100700,2
45,36.200650,6
45,36.300711,4
45,36.401204,5
45,36.500682,8
45,36.600723,5
45,36.700685,2
45,36.800689,4
45,36.900915,9
45,37.000625,3
45,37.100594,4
45,37.200732,4
45,37.300624,5
45,37.400679,5
45,37.500621,5
45,37.600673,4
45,37.700626,6
45,37.800668,2
45,37.900662,3
45,38.000821,5
45,38.101710,4
45,38.200619,8
45,38.301244,4
45,38.400744,3
45,38.500689,6
45,38.600673,4
45,38.700787,2
45,38.800688,7
45,38.900677,4
45,39.000660,4
45,39.100735,4
45,39.200654,7
45,39.300664,7
45,39.400667,2
45,39.500732,6
45,39.600709,7
45,39.700683,2
45,39.800671,7
45,39.900595,4
45,40.005064,12
45,40.100687,6
45,40.200702,2
45,40.300683,5
45,40.400689,5
45,40.501211,3
45,40.600844,4
45,40.700715,7
45,40.802676,3
45,40.900833,8
45,41.001609,2
45,41.100738,7
45,41.200752,3
45,41.300712,5
45,41.400767,6
45,41.500776,9
45,41.600898,6
45,41.700770,4
45,41.800766,4
45,41.900610,7
45,42.000723,6
45,42.100733,4
45,42.201008,3
45,42.301228,7
45,42.401158,4
45,42.500731,3
45,42.601530,3
45,42.701288,3
45,42.801141,6
45,42.900702,7
45,43.001215,7
45,43.101274,7
45,43.200874,2
45,43.300830,6
45,43.400814,6
45,43.501011,6
45,43.601145,6
45,43.701245,5
45,43.801116,5
45,43.900768,8
45,44.000833,5
45,44.101180,5
45,44.201000,2
45,44.301015,3
45,44.400923,4
45,44.500777,10
45,44.600789,10
45,44.700714,5
45,44.800752,5
45,44.900795,2
45,45.001034,11
45,45.101005,6
45,45.200797,8
45,45.300866,5
45,45.400826,7
45,45.500802,3
45,45.601036,7
45,45.700737,9
45,45.800719,5
45,45.900715,6
45,46.000968,7
45,46.100702,5
45,46.200755,4
45,46.300772,9
45,46.400755,5
45,46.500925,6
45,46.600841,4
45,46.700753,9
45,46.800715,3
45,46.900732,5
45,47.001043,2
45,47.100785,3
45,47.200769,10
45,47.300721,2
45,47.400844,5
45,47.502076,8
45,47.600721,5
45,47.700822,3
45,47.800807,1
45,47.900889,4
45,48.000719,6
45,48.100718,8
45,48.200798,1
45,48.300699,7
45,48.400757,4
45,48.500809,4
45,48.600869,8
45,48.702876,3
45,48.800843,7
45,48.900686,6
45,49.000763,7
45,49.100772,1
45,49.200818,3
45,49.300783,2
45,49.400782,8
45,49.500926,6
45,49.600851,7
45,49.700856,11
45,49.800918,5
45,49.900712,10
45,50.000801,7
45,50.100713,5
45,50.201018,5
45,50.300760,2
45,50.400723,6
45,50.500905,5
45,50.600788,6
45,50.700748,6
45,50.800828,5
45,50.900735,6
45,51.000866,6
45,51.100743,9
45,51.200744,4
45,51.300802,9
45,51.400769,3
45,51.500871,4
45,51.600783,3
45,51.700984,8
45,51.800948,9
45,51.900708,3
45,52.000749,4
45,52.100848,10
45,52.200809,5
45,52.301042,9
45,52.400797,5
45,52.500785,8
45,52.600787,12
45,52.700902,5
45,52.800912,5
45,52.900776,8
45,53.001125,7
45,53.100878,5
45,53.200900,5
45,53.300931,6
45,53.400810,4
45,53.500895,4
45,53.600953,3
45,53.700868,5
45,53.800844,7
45,53.900842,7
45,54.000812,4
45,54.100904,3
45,54.200855,5
45,54.301111,2
45,54.400778,2
45,54.500875,1
45,54.600860,4
45,54.701481,7
45,54.801091,5
45,54.900807,5
45,55.000846,4
45,55.100783,11
45,55.200967,6
45,55.300763,8
45,55.400765,4
45,55.500842,4
45,55.600828,8
45,55.700819,9
45,55.800832,7
45,55.900915,6
45,56.002638,9
45,56.100873,10
45,56.200832,4
45,56.300861,6
45,56.401035,5
45,56.504822,11
45,56.601989,7
45,56.700843,5
45,56.800804,5
45,56.900818,3
45,57.000977,9
45,57.100836,6
45,57.200865,6
45,57.300852,7
45,57.400812,1
45,57.506980,3
45,57.600886,6
45,57.700877,3
45,57.802453,1
45,57.900828,3
45,58.001261,7
45,58.100816,4
45,58.200806,5
45,58.300816,2
45,58.400955,5
45,58.500946,7
45,58.600840,3
45,58.700754,2
45,58.800842,3
45,58.900858,5
45,59.000869,2
45,59.100792,4
45,59.201138,6
45,59.300811,5
45,59.400904,8
45,59.500959,5
45,59.600867,5
45,59.700829,8
45,59.800873,5
45,59.900840,12
46,00.003160,10
46,00.100868,8
46,00.200888,10
46,00.301234,5
46,00.400768,5
46,00.500973,10
46,00.600989,7
46,00.700911,8
46,00.800811,6
46,00.900876,6
46,01.000953,7
46,01.101552,3
46,01.200912,7
46,01.300828,5
46,01.400952,7
46,01.502793,6
46,01.601020,8
46,01.700886,9
46,01.800990,9
46,01.900826,5
46,02.001615,11
46,02.100886,10
46,02.200910,5
46,02.300905,8
46,02.400803,14
46,02.500902,7
46,02.600896,8
46,02.700892,9
46,02.800926,6
46,02.900981,8
46,03.001088,9
46,03.100985,10
46,03.200917,4
46,03.300850,11
46,03.400919,9
46,03.500957,7
46,03.600916,5
46,03.700860,6
46,03.800933,6
46,03.900974,10
46,04.001078,3
46,04.100951,8
46,04.201069,8
46,04.300928,5
46,04.400886,4
46,04.501124,7
46,04.600947,9
46,04.700940,8
46,04.800888,8
46,04.900866,7
46,05.002449,9
46,05.100915,7
46,05.201025,9
46,05.300947,5
46,05.400886,9
46,05.501145,7
46,05.600958,6
46,05.703371,11
46,05.800941,8
46,05.900874,9
46,06.001235,7
46,06.101238,8
46,06.201107,13
46,06.300906,9
46,06.400879,9
46,06.503565,7
46,06.600915,7
46,06.700912,8
46,06.800918,14
46,06.900923,10
46,07.000885,14
46,07.101128,13
46,07.200875,14
46,07.301020,12
46,07.401005,14
46,07.501035,6
46,07.600941,14
46,07.701125,10
46,07.801291,11
46,07.900905,11
46,08.001191,9
46,08.101039,7
46,08.201022,12
46,08.300900,12
46,08.400958,9
46,08.501005,11
46,08.600971,7
46,08.700985,9
46,08.800949,10
46,08.900877,10
46,09.000973,7
46,09.100946,8
46,09.200962,7
46,09.301036,14
46,09.400960,10
46,09.500929,9
46,09.600944,12
46,09.700943,7
46,09.800962,9
46,09.900929,14
46,10.003042,7
46,10.101028,10
46,10.200933,10
46,10.301026,6
46,10.400942,9
46,10.501469,10
46,10.600962,7
46,10.700991,10
46,10.800938,8
46,10.900985,8
46,11.001166,8
46,11.100994,13
46,11.200973,8
46,11.300982,5
46,11.401052,7
46,11.501132,16
46,11.600959,12
46,11.701060,4
46,11.800964,8
46,11.901066,12
46,12.001093,6
46,12.100953,6
46,12.200988,14
46,12.301042,11
46,12.400918,5
46,12.500972,19
46,12.601001,12
46,12.701012,10
46,12.801217,14
46,12.900930,6
46,13.000888,7
46,13.100996,11
46,13.201158,4
46,13.300931,6
46,13.400929,12
46,13.501433,8
46,13.600931,11
46,13.700994,11
46,13.801054,8
46,13.901148,13
46,14.003912,8
46,14.101174,11
46,14.200976,10
46,14.301103,12
46,14.400980,11
46,14.501189,8
46,14.601343,7
46,14.701082,15
46,14.801043,12
46,14.900913,12
46,15.001002,10
46,15.101017,13
46,15.201028,7
46,15.301162,8
46,15.400993,12
46,15.504194,11
46,15.600990,17
46,15.701053,14
46,15.801016,15
46,15.901169,12
46,16.001134,9
46,16.101025,8
46,16.201012,8
46,16.301057,9
46,16.401012,6
46,16.501076,8
46,16.602300,6
46,16.700975,15
46,16.800996,15
46,16.901164,9
46,17.000946,8
46,17.101070,6
46,17.201048,8
46,17.300984,8
46,17.401019,4
46,17.501172,13
46,17.601038,10
46,17.701110,5
46,17.800995,8
46,17.901013,4
46,18.001003,11
46,18.101034,13
46,18.200950,13
46,18.301024,10
46,18.400972,11
46,18.501020,16
46,18.601150,7
46,18.701013,9
46,18.801035,7
46,18.900948,9
46,19.003676,10
46,19.101263,8
46,19.200988,13
46,19.301205,9
46,19.401063,9
46,19.501159,8
46,19.601041,7
46,19.700974,18
46,19.801232,12
46,19.901049,9
46,20.001038,4
46,20.101022,5
46,20.201013,13
46,20.301120,10
46,20.401064,5
46,20.500998,6
46,20.601065,10
46,20.701008,6
46,20.801078,9
46,20.900966,8
46,21.001008,4
46,21.101058,10
46,21.201132,6
46,21.301028,6
46,21.400959,9
46,21.502141,17
46,21.601232,10
46,21.702230,8
46,21.801291,8
46,21.900992,11
46,22.001467,13
46,22.102343,14
46,22.201078,4
46,22.301063,9
46,22.401049,6
46,22.501133,10
46,22.601139,8
46,22.701022,9
46,22.801058,6
46,22.901075,12
46,23.001129,5
46,23.101089,12
46,23.201747,10
46,23.301271,9
46,23.401041,7
46,23.502007,14
46,23.601203,13
46,23.701110,11
46,23.801915,12
46,23.901076,10
46,24.001334,15
46,24.101406,8
46,24.201082,6
46,24.301227,7
46,24.401294,8
46,24.501195,15
46,24.601106,6
46,24.701192,10
46,24.801056,10
46,24.901185,6
46,25.001180,8
46,25.101299,10
46,25.201135,7
46,25.301175,11
46,25.401176,12
46,25.501109,14
46,25.601562,13
46,25.701118,6
46,25.801048,6
46,25.901191,6
46,26.001334,4
46,26.101058,10
46,26.201139,7
46,26.301301,9
46,26.401056,14
46,26.501053,9
46,26.601205,12
46,26.701458,11
46,26.801109,3
46,26.901509,10
46,27.001531,8
46,27.101032,6
46,27.201087,6
46,27.301146,13
46,27.401113,11
46,27.501231,4
46,27.601038,12
46,27.701097,6
46,27.801487,9
46,27.901094,14
46,28.001130,14
46,28.101574,9
46,28.201289,12
46,28.301198,9
46,28.401295,3
46,28.501250,11
46,28.601349,11
46,28.701049,11
46,28.801077,13
46,28.901476,12
46,29.001184,13
46,29.101191,11
46,29.201126,6
46,29.301056,13
46,29.401038,7
46,29.502156,12
46,29.601053,10
46,29.701046,7
46,29.801077,4
46,29.901291,9
46,30.001193,9
46,30.101045,8
46,30.201214,14
46,30.301056,10
46,30.401233,7
46,30.501452,10
46,30.601202,4
46,30.701357,4
46,30.801252,10
46,30.901421,8
46,31.001067,4
46,31.101039,9
46,31.201143,7
46,31.301128,12
46,31.401108,7
46,31.503514,10
46,31.601123,8
46,31.701136,11
46,31.801095,11
46,31.901112,7
46,32.001144,14
46,32.101131,13
46,32.201068,13
46,32.301118,11
46,32.401093,11
46,32.501923,10
46,32.601056,9
46,32.701090,6
46,32.801082,11
46,32.901362,5
46,33.003225,11
46,33.101045,14
46,33.201020,6
46,33.301081,14
46,33.401052,9
46,33.501119,5
46,33.601072,9
46,33.701102,13
46,33.801073,8
46,33.901099,8
46,34.001185,11
46,34.101097,10
46,34.201113,9
46,34.301084,9
46,34.401061,14
46,34.501167,4
46,34.602401,11
46,34.701112,11
46,34.801267,10
46,34.901228,10
46,35.001622,12
46,35.101311,11
46,35.201207,6
46,35.301188,17
46,35.401231,12
46,35.502434,14
46,35.601257,11
46,35.701189,10
46,35.801251,9
46,35.901246,12
46,36.001549,11
46,36.101262,10
46,36.201221,11
46,36.301635,14
46,36.401539,12
46,36.501230,11
46,36.601188,11
46,36.701155,5
46,36.801195,13
46,36.901169,11
46,37.001142,13
46,37.101147,9
46,37.201178,8
46,37.301111,10
46,37.401145,16
46,37.501186,15
46,37.601177,13
46,37.701163,16
46,37.801189,7
46,37.901079,24
46,38.001230,15
46,38.101168,13
46,38.201149,9
46,38.301150,13
46,38.401275,18
46,38.501222,12
46,38.601149,18
46,38.701193,16
46,38.801142,13
46,38.901156,15
46,39.008424,10
46,39.101131,14
46,39.201231,14
46,39.301199,17
46,39.401196,14
46,39.501173,10
46,39.601132,14
46,39.701141,11
46,39.801123,11
46,39.901154,13
46,40.003592,15
46,40.101181,14
46,40.201296,8
46,40.301215,10
46,40.401174,20
46,40.501128,20
46,40.601159,18
46,40.701136,23
46,40.801155,23
46,40.901134,19
46,41.001196,16
46,41.101137,17
46,41.201161,25
46,41.301170,24
46,41.401147,38
46,41.501222,15
46,41.601170,21
46,41.701101,26
46,41.801158,10
46,41.901128,33
46,42.001238,30
46,42.101237,26
46,42.201157,21
46,42.301158,25
46,42.401200,39
46,42.502780,29
46,42.601132,34
46,42.701157,23
46,42.801163,35
46,42.901146,32
46,43.001176,34
46,43.101118,34
46,43.201147,23
46,43.301580,41
46,43.401210,41
46,43.501266,28
46,43.601114,44
46,43.701195,51
46,43.801222,36
46,43.901157,32
46,44.001391,43
46,44.101128,41
46,44.201134,42
46,44.301171,42
46,44.401150,40
46,44.501211,32
46,44.601173,47
46,44.701175,48
46,44.801191,54
46,44.901196,52
46,45.001694,55
46,45.101246,58
46,45.201180,56
46,45.301147,74
46,45.401203,54
46,45.501246,51
46,45.601193,47
46,45.701187,63
46,45.801169,65
46,45.901153,64
46,46.001518,70
46,46.101181,48
46,46.201173,56
46,46.301169,71
46,46.401203,56
46,46.501248,64
46,46.601209,69
46,46.701137,74
46,46.801154,76
46,46.901174,65
46,47.001193,68
46,47.101265,68
46,47.202002,65
46,47.301200,73
46,47.401230,55
46,47.501306,70
46,47.601253,71
46,47.701246,85
46,47.801227,63
46,47.901189,84
46,48.001378,68
46,48.101217,78
46,48.201207,70
46,48.301261,81
46,48.401260,62
46,48.501209,59
46,48.601166,65
46,48.701173,62
46,48.801226,75
46,48.901269,78
46,49.001174,49
46,49.101199,76
46,49.201250,57
46,49.301185,61
46,49.401298,60
46,49.501334,64
46,49.601275,59
46,49.701270,74
46,49.801282,69
46,49.901279,70
46,50.001379,64
46,50.101327,63
46,50.201231,79
46,50.301293,63
46,50.401283,74
46,50.501319,57
46,50.601297,63
46,50.701329,55
46,50.801699,68
46,50.901513,56
46,51.001321,42
46,51.101220,49
46,51.201282,60
46,51.301241,51
46,51.401482,56
46,51.502678,40
46,51.601272,44
46,51.701282,47
46,51.801260,40
46,51.901292,49
46,52.001279,38
46,52.101287,49
46,52.201213,44
46,52.301286,41
46,52.401285,43
46,52.501313,46
46,52.601258,36
46,52.701280,31
46,52.801243,37
46,52.901231,29
46,53.001379,33
46,53.101222,39
46,53.201235,39
46,53.301280,29
46,53.401296,36
46,53.501673,33
46,53.601262,36
46,53.701271,38
46,53.801286,24
46,53.901253,31
46,54.001277,32
46,54.101280,29
46,54.201221,36
46,54.301409,30
46,54.401196,23
46,54.501354,28
46,54.601212,19
46,54.701257,27
46,54.801251,18
46,54.901253,33
46,55.001278,27
46,55.101269,34
46,55.201312,24
46,55.301259,22
46,55.401214,28
46,55.501314,33
46,55.601258,34
46,55.701261,31
46,55.801297,26
46,55.901249,27
46,56.001276,21
46,56.101207,32
46,56.201213,29
46,56.301194,27
46,56.401287,23
46,56.501354,27
46,56.601271,26
46,56.701281,27
46,56.801371,24
46,56.901380,25
46,57.001427,19
46,57.101300,20
46,57.201306,21
46,57.301332,23
46,57.401315,28
46,57.501352,15
46,57.601317,20
46,57.701280,21
46,57.801321,23
46,57.901319,28
46,58.001351,19
46,58.101279,25
46,58.201297,20
46,58.301952,22
46,58.401257,13
46,58.501480,23
46,58.601292,17
46,58.701271,19
46,58.801295,22
46,58.901284,15
46,59.001467,23
46,59.101289,21
46,59.201268,20
46,59.301260,28
46,59.401295,23
46,59.502095,15
46,59.601511,23
46,59.701279,19
46,59.801317,16
46,59.901280,21
47,00.001269,26
47,00.101313,22
47,00.201290,23
47,00.301276,27
47,00.401339,12
47,00.501488,24
47,00.602140,17
47,00.701289,14
47,00.801314,12
47,00.901298,11
47,01.001304,15
47,01.101295,16
47,01.201309,14
47,01.301320,14
47,01.401310,13
47,01.501595,14
47,01.601300,12
47,01.701329,16
47,01.801295,16
47,01.901377,13
47,02.001323,23
47,02.101310,16
47,02.201331,16
47,02.302761,19
47,02.401275,17
47,02.501323,21
47,02.601323,21
47,02.701309,19
47,02.801323,18
47,02.901314,23
47,03.001342,22
47,03.101348,14
47,03.201325,21
47,03.301322,14
47,03.401309,25
47,03.501326,15
47,03.601308,15
47,03.701317,15
47,03.801371,11
47,03.901354,13
47,04.001420,18
47,04.101322,15
47,04.201349,13
47,04.301404,19
47,04.401340,12
47,04.501393,18
47,04.601351,12
47,04.701422,10
47,04.801337,10
47,04.901375,10
47,05.001382,20
47,05.101363,9
47,05.201342,11
47,05.301366,17
47,05.401328,16
47,05.501292,9
47,05.601345,13
47,05.701356,19
47,05.801398,14
47,05.901316,15
47,06.001565,18
47,06.101356,17
47,06.201345,9
47,06.301404,9
47,06.401482,16
47,06.502262,22
47,06.601464,12
47,06.701496,13
47,06.801355,6
47,06.901382,11
47,07.001366,21
47,07.101404,18
47,07.201394,14
47,07.301369,13
47,07.401337,17
47,07.501343,21
47,07.601392,11
47,07.701365,11
47,07.801337,14
47,07.901371,17
47,08.001372,16
47,08.101367,9
47,08.201414,15
47,08.301335,14
47,08.401354,10
47,08.501385,13
47,08.601360,12
47,08.701349,17
47,08.801342,11
47,08.901367,18
47,09.001507,8
47,09.101394,16
47,09.201377,10
47,09.301377,17
47,09.401370,10
47,09.501394,14
47,09.601382,16
47,09.701358,13
47,09.801379,14
47,09.901373,12
47,10.001358,26
47,10.101406,17
47,10.201384,14
47,10.301393,14
47,10.401360,16
47,10.501411,17
47,10.601424,8
47,10.701366,12
47,10.801392,14
47,10.901461,13
47,11.001421,14
47,11.101425,11
47,11.201424,11
47,11.301380,16
47,11.401391,14
47,11.501395,10
47,11.601411,14
47,11.701385,13
47,11.801360,15
47,11.903182,9
47,12.001388,14
47,12.101403,22
47,12.201427,13
47,12.301403,18
47,12.401345,14
47,12.501427,18
47,12.601483,16
47,12.701475,18
47,12.801435,15
47,12.901653,7
47,13.001385,15
47,13.101416,10
47,13.201388,21
47,13.301368,10
47,13.401560,12
47,13.501428,12
47,13.601418,8
47,13.701420,10
47,13.801429,12
47,13.901462,11
47,14.001392,12
47,14.101417,15
47,14.201439,12
47,14.301472,9
47,14.401462,15
47,14.501439,8
47,14.601418,19
47,14.701444,12
47,14.801392,10
47,14.901437,15
47,15.003223,9
47,15.101438,15
47,15.201534,6
47,15.301450,11
47,15.401435,12
47,15.501428,10
47,15.601432,15
47,15.701428,10
47,15.801447,15
47,15.901438,11
47,16.001543,22
47,16.101441,10
47,16.201402,15
47,16.301428,14
47,16.401474,9
47,16.501421,14
47,16.601457,14
47,16.701417,14
47,16.801564,14
47,16.901464,20
47,17.001452,10
47,17.101443,11
47,17.201456,9
47,17.301434,13
47,17.401573,13
47,17.501412,7
47,17.601504,18
47,17.701447,14
47,17.801506,13
47,17.901469,15
47,18.002756,11
47,18.101433,16
47,18.202838,14
47,18.301469,13
47,18.401441,19
47,18.501517,13
47,18.601426,13
47,18.701483,17
47,18.801583,13
47,18.901562,11
47,19.001466,19
47,19.101492,9
47,19.204575,17
47,19.301487,14
47,19.401498,9
47,19.501555,11
47,19.601459,13
47,19.701509,15
47,19.801534,15
47,19.902129,13
47,20.001904,17
47,20.101666,13
47,20.201615,14
47,20.301916,15
47,20.401889,13
47,20.501538,14
47,20.601520,8
47,20.701508,21
47,20.801625,20
47,20.901515,15
47,21.001668,13
47,21.101521,17
47,21.202382,17
47,21.301483,10
47,21.401534,12
47,21.501737,18
47,21.601631,16
47,21.724883,11
47,21.801568,15
47,21.901536,21
47,22.001739,21
47,22.101691,22
47,22.201561,12
47,22.301694,12
47,22.401584,15
47,22.501559,12
47,22.601921,18
47,22.701891,11
47,22.802565,18
47,22.902001,19
47,23.001556,10
47,23.101487,19
47,23.201535,12
47,23.301577,10
47,23.401530,21
47,23.501492,18
47,23.601479,15
47,23.701636,13
47,23.801486,9
47,23.901579,8
47,24.002083,17
47,24.101497,11
47,24.201592,12
47,24.301512,17
47,24.401531,11
47,24.501597,19
47,24.601477,15
47,24.701516,10
47,24.801535,17
47,24.901529,12
47,25.001828,11
47,25.101682,20
47,25.201665,13
47,25.301778,10
47,25.402137,18
47,25.501801,11
47,25.602089,17
47,25.701534,11
47,25.801517,16
47,25.901532,10
47,26.001546,16
47,26.101570,17
47,26.201534,11
47,26.301504,23
47,26.401592,12
47,26.501610,14
47,26.601487,16
47,26.701497,8
47,26.801543,11
47,26.901498,15
47,27.001525,12
47,27.101765,9
47,27.201653,10
47,27.301662,12
47,27.401515,12
47,27.501527,9
47,27.601565,15
47,27.701628,8
47,27.801617,18
47,27.901564,17
47,28.001771,12
47,28.101628,11
47,28.201873,12
47,28.301694,10
47,28.401657,18
47,28.501599,11
47,28.601733,21
47,28.701733,13
47,28.801951,8
47,28.901654,21
47,29.001653,15
47,29.101631,12
47,29.201660,14
47,29.301850,12
47,29.401600,16
47,29.501646,13
47,29.601650,18
47,29.701640,15
47,29.807534,15
47,29.901594,15
47,30.001605,11
47,30.103975,12
47,30.201687,14
47,30.301720,11
47,30.401644,19
47,30.501771,14
47,30.601800,21
47,30.701550,12
47,30.801630,14
47,30.901864,7
47,31.001565,11
47,31.101671,8
47,31.201628,15
47,31.301691,13
47,31.401771,12
47,31.501614,20
47,31.601619,16
47,31.701658,17
47,31.801596,10
47,31.903056,12
47,32.001693,10
47,32.101552,20
47,32.201617,22
47,32.301660,18
47,32.401621,13
47,32.501674,15
47,32.602937,8
47,32.701677,9
47,32.801651,15
47,32.901833,10
47,33.001647,17
47,33.101666,16
47,33.202517,5
47,33.301789,20
47,33.401634,18
47,33.501699,13
47,33.601664,10
47,33.701717,17
47,33.801572,17
47,33.901820,21
47,34.001617,20
47,34.101796,12
47,34.202044,25
47,34.301746,19
47,34.401627,17
47,34.501808,19
47,34.601680,16
47,34.701691,14
47,34.801686,18
47,34.902153,22
47,35.003449,12
47,35.101855,11
47,35.201755,17
47,35.301733,29
47,35.402015,25
47,35.501775,11
47,35.602083,14
47,35.701730,19
47,35.801893,26
47,35.901776,20
47,36.001829,16
47,36.102021,28
47,36.202582,21
47,36.301991,15
47,36.402291,21
47,36.501827,15
47,36.601742,26
47,36.705446,13
47,36.801715,17
47,36.901690,26
47,37.001716,26
47,37.101701,18
47,37.202374,19
47,37.301722,28
47,37.401725,17
47,37.507837,21
47,37.601839,30
47,37.701814,26
47,37.801636,27
47,37.902457,21
47,38.001743,20
47,38.101840,14
47,38.201674,15
47,38.301921,24
47,38.401795,20
47,38.502003,23
47,38.602769,23
47,38.704918,24
47,38.801605,24
47,38.902553,25
47,39.002235,32
47,39.101938,18
47,39.201734,22
47,39.301827,25
47,39.402144,24
47,39.501706,34
47,39.603173,20
47,39.701819,21
47,39.802648,9
47,39.901842,24
47,40.001657,12
47,40.101700,21
47,40.203668,18
47,40.301730,23
47,40.401789,21
47,40.501707,30
47,40.601714,17
47,40.702271,26
47,40.807510,19
47,40.902102,23
47,41.002038,19
47,41.103460,20
47,41.201652,20
47,41.302240,22
47,41.401735,36
47,41.502638,16
47,41.601761,19
47,41.702381,17
47,41.801709,18
47,41.901606,19
47,42.001918,17
47,42.101676,18
47,42.203762,22
47,42.301687,21
47,42.401671,10
47,42.502554,16
47,42.601715,15
47,42.701875,16
47,42.801877,22
47,42.901781,14
47,43.001751,16
47,43.101952,26
47,43.201851,16
47,43.301658,10
47,43.402356,21
47,43.501702,18
47,43.602013,17
47,43.701715,19
47,43.801989,8
47,43.904880,14
47,44.001714,19
47,44.101888,25
47,44.203989,24
47,44.301980,15
47,44.401933,19
47,44.504880,13
47,44.601750,22
47,44.701987,18
47,44.803837,16
47,44.902683,18
47,45.002467,13
47,45.102726,19
47,45.201891,18
47,45.301765,20
47,45.401907,20
47,45.501743,16
47,45.601832,15
47,45.701911,25
47,45.802030,24
47,45.901833,24
47,46.001784,17
47,46.101831,12
47,46.204020,24
47,46.302936,12
47,46.401860,17
47,46.501861,20
47,46.603452,16
47,46.703593,10
47,46.801790,20
47,46.903358,13
47,47.001869,22
47,47.101899,16
47,47.202382,12
47,47.301785,15
47,47.403699,10
47,47.501864,16
47,47.601900,15
47,47.701825,11
47,47.802074,17
47,47.901820,19
47,48.001768,22
47,48.101815,17
47,48.201792,11
47,48.302178,24
47,48.401819,12
47,48.501886,16
47,48.601765,24
47,48.711769,15
47,48.802036,16
47,48.901807,17
47,49.001774,27
47,49.102914,25
47,49.202012,16
47,49.301989,19
47,49.401783,20
47,49.501823,19
47,49.601874,25
47,49.701846,22
47,49.803950,26
47,49.901795,21
47,50.001723,22
47,50.101944,19
47,50.201929,19
47,50.303583,14
47,50.404151,27
47,50.501768,28
47,50.601868,22
47,50.701866,21
47,50.801796,17
47,50.904413,20
47,51.001867,25
47,51.101747,20
47,51.202161,18
47,51.303993,15
47,51.401863,11
47,51.502917,28
47,51.601815,16
47,51.701993,30
47,51.801728,22
47,51.901773,19
47,52.001836,19
47,52.101790,15
47,52.203669,21
47,52.301801,14
47,52.401809,20
47,52.501827,11
47,52.601787,24
47,52.703342,11
47,52.801881,16
47,52.901891,16
47,53.002513,19
47,53.101871,19
47,53.201928,22
47,53.302396,17
47,53.401873,21
47,53.503453,25
47,53.601771,16
47,53.702059,12
47,53.801881,21
47,53.901822,12
47,54.001955,14
47,54.102100,22
47,54.202037,13
47,54.302449,9
47,54.401986,19
47,54.501817,15
47,54.601804,13
47,54.701937,17
47,54.801858,12
47,54.901803,23
47,55.001840,16
47,55.101775,18
47,55.201981,22
47,55.301826,23
47,55.401875,13
47,55.501853,23
47,55.601989,15
47,55.702053,16
47,55.802222,20
47,55.901822,24
47,56.001874,21
47,56.102427,31
47,56.201929,21
47,56.302021,23
47,56.401850,16
47,56.501772,21
47,56.601825,18
47,56.701840,22
47,56.801834,20
47,56.902009,16
47,57.002080,20
47,57.101823,19
47,57.202470,24
47,57.302197,27
47,57.401937,17
47,57.501901,18
47,57.601960,21
47,57.701919,17
47,57.802395,19
47,57.901747,20
47,58.044865,19
47,58.101800,12
47,58.201995,18
47,58.302238,21
47,58.401971,17
47,58.501956,19
47,58.601905,17
47,58.701988,22
47,58.801932,12
47,58.901957,16
47,59.001867,14
47,59.101938,22
47,59.201982,20
47,59.301838,25
47,59.401845,12
47,59.502947,16
47,59.602144,12
47,59.703588,23
47,59.801877,20
47,59.901963,21
48,00.001897,22
48,00.102033,24
48,00.203437,20
48,00.302067,21
48,00.401858,18
48,00.501850,24
48,00.602385,21
48,00.701941,21
48,00.801770,14
48,00.903066,34
48,01.004692,18
48,01.101893,21
48,01.203392,19
48,01.301985,25
48,01.401982,19
48,01.501913,18
48,01.601998,8
48,01.702163,20
48,01.803468,29
48,01.901882,19
48,02.001892,21
48,02.101945,22
48,02.201923,20
48,02.301929,24
48,02.401990,17
48,02.502021,16
48,02.603509,17
48,02.701960,22
48,02.801990,18
48,02.902178,18
48,03.003638,24
48,03.102039,23
48,03.201918,24
48,03.301885,17
48,03.401913,20
48,03.501901,32
48,03.601899,15
48,03.701872,15
48,03.802146,25
48,03.901898,23
48,04.001970,14
48,04.101903,17
48,04.201903,18
48,04.301870,19
48,04.402117,23
48,04.501934,20
48,04.601840,26
48,04.702697,18
48,04.801854,15
48,04.901911,19
48,05.001914,27
48,05.101828,8
48,05.202191,8
48,05.301911,2
48,05.401884,7
48,05.501876,4
48,05.601943,6
48,05.702040,5
48,05.801907,1
48,05.901997,2
48,06.001889,6
48,06.101867,8
48,06.202117,7
48,06.301982,4
48,06.401953,2
48,06.501937,6
48,06.601840,8
48,06.701972,8
48,06.801886,7
48,06.901848,5
48,07.001854,8
48,07.101927,9
48,07.201977,8
48,07.302035,11
48,07.401971,10
48,07.501927,14
48,07.601978,5
48,07.704516,9
48,07.801951,12
48,07.901944,13
48,08.001907,13
48,08.101951,11
48,08.202145,10
48,08.301970,9
48,08.402010,15
48,08.501899,11
48,08.601922,15
48,08.702023,9
48,08.801942,13
48,08.901970,9
48,09.001867,13
48,09.101934,8
48,09.202057,8
48,09.302085,13
48,09.402021,6
48,09.501883,11
48,09.601934,12
48,09.704803,7
48,09.801888,7
48,09.901942,13
48,10.001957,12
48,10.101894,8
48,10.202175,7
48,10.301940,12
48,10.401961,11
48,10.502241,15
48,10.601974,11
48,10.702047,14
48,10.801955,8
48,10.901978,18
48,11.002082,15
48,11.101928,13
48,11.202392,8
48,11.302681,12
48,11.401986,9
48,11.501979,8
48,11.601903,8
48,11.702064,11
48,11.801993,7
48,11.901953,11
48,12.002073,11
48,12.101932,12
48,12.202174,11
48,12.302080,15
48,12.402016,9
48,12.501975,11
48,12.602009,6
48,12.702032,2
48,12.802009,3
48,12.902075,10
48,13.001964,4
48,13.102018,7
48,13.202121,3
48,13.302000,13
48,13.401928,7
48,13.501966,6
48,13.601904,7
48,13.702165,4
48,13.801943,6
48,13.901936,9
48,14.002024,12
48,14.101969,10
48,14.202101,12
48,14.301964,19
48,14.401938,20
48,14.501998,20
48,14.601952,14
48,14.701997,25
48,14.801986,21
48,14.901926,16
48,15.002004,8
48,15.101922,14
48,15.202177,14
48,15.302001,17
48,15.402130,24
48,15.501973,15
48,15.602147,11
48,15.702050,19
48,15.802101,24
48,15.901992,25
48,16.002010,20
48,16.101984,23
48,16.202059,19
48,16.302009,29
48,16.401979,18
48,16.502104,15
48,16.601871,21
48,16.702022,25
48,16.801967,26
48,16.902182,17
48,17.002069,26
48,17.102130,20
48,17.202210,24
48,17.302010,26
48,17.402133,19
48,17.501990,16
48,17.601896,18
48,17.702037,9
48,17.801990,6
48,17.902201,7
48,18.002035,18
48,18.102017,6
48,18.202313,8
48,18.302002,19
48,18.403927,7
48,18.502048,15
48,18.602004,28
48,18.702274,13
48,18.804307,18
48,18.902039,15
48,19.002001,15
48,19.101975,21
48,19.203604,25
48,19.301996,19
48,19.401996,31
48,19.501978,22
48,19.601923,28
48,19.702139,36
48,19.802312,20
48,19.902022,34
48,20.002402,30
48,20.101936,16
48,20.202095,24
48,20.302016,22
48,20.401996,25
48,20.502281,24
48,20.602325,21
48,20.702165,14
48,20.802179,10
48,20.902200,18
48,21.002193,11
48,21.102566,9
48,21.202143,10
48,21.302355,3
48,21.402847,9
48,21.502408,10
48,21.602125,3
48,21.702142,10
48,21.802058,10
48,21.902203,11
48,22.002906,12
48,22.102156,21
48,22.203423,20
48,22.302225,20
48,22.402148,19
48,22.502287,26
48,22.602062,20
48,22.702756,24
48,22.802073,23
48,22.902043,22
48,23.002004,22
48,23.102065,25
48,23.202297,17
48,23.302063,19
48,23.402066,15
48,23.502067,27
48,23.602012,23
48,23.702060,24
48,23.802113,21
48,23.902050,16
48,24.002069,21
48,24.102055,22
48,24.202051,22
48,24.302051,21
48,24.401994,24
48,24.502005,21
48,24.602054,21
48,24.702292,23
48,24.801975,21
48,24.902055,20
48,25.002107,30
48,25.102015,29
48,25.202065,25
48,25.302009,25
48,25.403039,25
48,25.502053,13
48,25.602009,34
48,25.702172,20
48,25.802390,28
48,25.902047,28
48,26.001991,30
48,26.102020,12
48,26.202379,20
48,26.302008,14
48,26.402068,19
48,26.502053,26
48,26.602053,26
48,26.702080,26
48,26.802033,24
48,26.902061,24
48,27.002062,26
48,27.102077,18
48,27.202064,30
48,27.302038,23
48,27.402071,27
48,27.502075,37
48,27.602082,30
48,27.702079,25
48,27.802332,23
48,27.902109,25
48,28.002106,17
48,28.102138,27
48,28.202304,23
48,28.302146,23
48,28.402055,21
48,28.502070,27
48,28.602215,20
48,28.702224,28
48,28.802084,32
48,28.902080,25
48,29.002037,32
48,29.102013,20
48,29.202145,40
48,29.302227,26
48,29.402395,27
48,29.502110,28
48,29.602014,27
48,29.702093,19
48,29.802101,21
48,29.902101,18
48,30.003315,25
48,30.102044,18
48,30.202166,23
48,30.303784,30
48,30.402210,23
48,30.502046,34
48,30.602075,23
48,30.702239,26
48,30.802205,30
48,30.902111,29
48,31.002111,28
48,31.102063,30
48,31.202074,19
48,31.302139,19
48,31.402225,34
48,31.502119,26
48,31.602059,19
48,31.702099,19
48,31.802143,23
48,31.902090,20
48,32.002343,28
48,32.102049,19
48,32.202180,28
48,32.302173,25
48,32.402132,24
48,32.502290,30
48,32.602155,25
48,32.702200,30
48,32.802091,27
48,32.902142,18
48,33.002149,20
48,33.102096,21
48,33.202199,24
48,33.302128,25
48,33.402201,20
48,33.502151,17
48,33.602220,20
48,33.702111,23
48,33.802158,19
48,33.902123,16
48,34.002123,24
48,34.102136,17
48,34.202317,28
48,34.302097,18
48,34.402153,12
48,34.502273,25
48,34.602077,20
48,34.702201,12
48,34.802102,21
48,34.902142,14
48,35.002106,18
48,35.102120,18
48,35.202270,21
48,35.302336,24
48,35.402096,22
48,35.502258,24
48,35.602153,17
48,35.702302,28
48,35.802077,28
48,35.902022,21
48,36.002868,15
48,36.102143,21
48,36.202726,24
48,36.302147,20
48,36.402190,21
48,36.502108,22
48,36.606213,19
48,36.702569,19
48,36.802130,17
48,36.902317,15
48,37.002339,21
48,37.102187,17
48,37.202283,19
48,37.302113,26
48,37.402354,20
48,37.502159,18
48,37.602118,15
48,37.702134,17
48,37.802176,26
48,37.903816,11
48,38.002110,15
48,38.102260,18
48,38.202145,19
48,38.302148,16
48,38.405479,15
48,38.502136,14
48,38.602183,22
48,38.702214,25
48,38.802137,27
48,38.902178,14
48,39.002126,22
48,39.102175,16
48,39.202262,17
48,39.302373,20
48,39.402156,19
48,39.502131,16
48,39.602267,17
48,39.702586,21
48,39.802315,13
48,39.902209,23
48,40.002195,24
48,40.102420,19
48,40.202170,20
48,40.303162,21
48,40.402275,27
48,40.502193,14
48,40.602120,32
48,40.702302,28
48,40.802578,24
48,40.902200,33
48,41.002201,40
48,41.102345,29
48,41.202435,32
48,41.302161,28
48,41.402180,23
48,41.502224,25
48,41.602201,27
48,41.702380,29
48,41.802266,21
48,41.902244,32
48,42.002224,32
48,42.102273,26
48,42.202443,36
48,42.302240,21
48,42.402316,34
48,42.502292,35
48,42.602344,30
48,42.702339,33
48,42.802299,33
48,42.902367,27
48,43.002300,34
48,43.102359,48
48,43.202281,46
48,43.302270,42
48,43.402166,50
48,43.502294,46
48,43.602221,48
48,43.702201,37
48,43.802233,33
48,43.902298,49
48,44.002217,48
48,44.102206,43
48,44.202405,41
48,44.302356,49
48,44.412009,41
48,44.502215,51
48,44.602302,62
48,44.702332,60
48,44.802336,68
48,44.902630,45
48,45.002205,65
48,45.102168,50
48,45.202257,69
48,45.302306,61
48,45.402493,55
48,45.502262,59
48,45.602235,70
48,45.703382,66
48,45.802269,67
48,45.902255,62
48,46.002206,68
48,46.102254,76
48,46.202203,71
48,46.302275,58
48,46.402338,62
48,46.502264,66
48,46.602284,67
48,46.702473,62
48,46.802262,65
48,46.902390,79
48,47.002155,79
48,47.102201,79
48,47.202300,71
48,47.302151,78
48,47.402259,64
48,47.502258,69
48,47.602287,75
48,47.702173,84
48,47.802698,72
48,47.902179,78
48,48.002188,81
48,48.102369,77
48,48.202256,66
48,48.302246,78
48,48.402255,70
48,48.502158,77
48,48.602184,84
48,48.702205,92
48,48.802132,80
48,48.902219,101
48,49.002233,112
48,49.102196,88
48,49.202224,92
48,49.302239,107
48,49.402387,103
48,49.502277,118
48,49.602178,120
48,49.702542,122
48,49.802249,107
48,49.902266,121
48,50.002170,126
48,50.102190,124
48,50.203331,119
48,50.302176,134
48,50.402215,145
48,50.502234,142
48,50.602150,170
48,50.702518,156
48,50.802241,174
48,50.902227,161
48,51.002265,177
48,51.102267,139
48,51.202295,181
48,51.302315,175
48,51.402230,163
48,51.502230,165
48,51.602175,184
48,51.702359,169
48,51.802190,152
48,51.902225,166
48,52.002305,148
48,52.102245,156
48,52.202496,169
48,52.302200,157
48,52.403008,164
48,52.502238,140
48,52.602296,145
48,52.702480,158
48,52.802450,153
48,52.902426,140
48,53.002228,162
48,53.102234,170
48,53.202308,157
48,53.302198,154
48,53.402308,142
48,53.502246,136
48,53.602255,138
48,53.702383,133
48,53.802290,131
48,53.902340,137
48,54.002267,146
48,54.102391,148
48,54.202321,157
48,54.302271,160
48,54.402304,136
48,54.502336,153
48,54.602301,187
48,54.702352,160
48,54.802258,160
48,54.902360,152
48,55.002281,164
48,55.102264,140
48,55.202345,149
48,55.302256,153
48,55.402221,143
48,55.502357,147
48,55.602377,159
48,55.703606,133
48,55.802373,150
48,55.903262,131
48,56.002298,138
48,56.102288,125
48,56.202315,140
48,56.302297,153
48,56.402261,141
48,56.502303,143
48,56.602217,126
48,56.704814,161
48,56.802363,139
48,56.902273,137
48,57.002303,127
48,57.102339,149
48,57.202666,160
48,57.302339,145
48,57.402368,103
48,57.502387,128
48,57.602256,131
48,57.702355,143
48,57.802372,146
48,57.902406,145
48,58.002356,135
48,58.102334,155
48,58.202664,124
48,58.302354,139
48,58.402336,134
48,58.502337,132
48,58.602313,139
48,58.702316,139
48,58.802273,140
48,58.902324,133
48,59.002442,146
48,59.102663,135
48,59.202794,139
48,59.302409,128
48,59.402329,160
48,59.502279,130
48,59.602314,141
48,59.702501,137
48,59.802349,152
48,59.902776,140
49,00.002350,158
49,00.102350,161
49,00.202309,164
49,00.303002,142
49,00.402917,130
49,00.502302,158
49,00.602339,160
49,00.702891,152
49,00.802259,150
49,00.902353,180
49,01.002391,157
49,01.102302,164
49,01.202342,168
49,01.302328,162
49,01.402275,154
49,01.502366,157
49,01.602474,162
49,01.702424,180
49,01.802417,128
49,01.902300,158
49,02.002302,166
49,02.102268,137
49,02.202375,144
49,02.302299,130
49,02.402258,157
49,02.502330,162
49,02.602305,158
49,02.702437,158
49,02.802332,156
49,02.902579,145
49,03.002446,158
49,03.102322,141
49,03.202338,163
49,03.302419,149
49,03.402328,145
49,03.502339,183
49,03.602396,169
49,03.702360,161
49,03.802364,134
49,03.902365,143
49,04.002300,167
49,04.102338,134
49,04.206830,152
49,04.302392,151
49,04.402578,165
49,04.502371,151
49,04.602294,182
49,04.702553,155
49,04.802282,152
49,04.902503,186
49,05.002323,162
49,05.102323,162
49,05.202658,157
49,05.302345,154
49,05.402300,172
49,05.502323,153
49,05.602289,150
49,05.702438,172
49,05.802288,155
49,05.902389,161
49,06.002340,155
49,06.102519,151
49,06.202335,182
49,06.302544,161
49,06.402321,169
49,06.502392,151
49,06.602388,141
49,06.702396,141
49,06.802409,136
49,06.902481,159
49,07.002489,163
49,07.102733,166
49,07.202515,156
49,07.302377,156
49,07.402343,173
49,07.503067,153
49,07.602354,155
49,07.702394,152
49,07.802374,181
49,07.902324,156
49,08.002637,159
49,08.102423,160
49,08.202503,172
49,08.302484,181
49,08.402344,159
49,08.502322,172
49,08.602321,169
49,08.702825,148
49,08.802361,158
49,08.902658,161
49,09.006130,155
49,09.102365,165
49,09.202440,136
49,09.302317,125
49,09.402355,123
49,09.502299,124
49,09.602341,146
49,09.702496,139
49,09.802418,101
49,09.902313,134
49,10.002345,127
49,10.102500,132
49,10.204129,134
49,10.302445,117
49,10.402307,129
49,10.502378,115
49,10.602620,125
49,10.703376,135
49,10.802388,127
49,10.902338,130
49,11.002365,137
49,11.102383,154
49,11.202662,125
49,11.302339,144
49,11.402298,149
49,11.502331,141
49,11.602395,129
49,11.702689,147
49,11.802538,140
49,11.902461,142
49,12.002474,132
49,12.102498,151
49,12.203137,152
49,12.302473,162
49,12.402625,160
49,12.502381,152
49,12.602433,151
49,12.702595,139
49,12.802428,153
49,12.903399,163
49,13.003004,172
49,13.102485,172
49,13.202439,163
49,13.303350,173
49,13.402687,152
49,13.502768,178
49,13.602967,189
49,13.702626,160
49,13.803910,185
49,13.902705,158
49,14.002428,188
49,14.102503,171
49,14.202620,178
49,14.302646,200
49,14.402822,191
49,14.502548,189
49,14.602497,173
49,14.702533,173
49,14.802393,168
49,14.911383,134
49,15.002432,174
49,15.102417,180
49,15.202507,174
49,15.302442,193
49,15.402404,178
49,15.502413,178
49,15.602412,176
49,15.702459,182
49,15.802386,165
49,15.902406,150
49,16.002437,182
49,16.102389,162
49,16.202567,156
49,16.302424,180
49,16.402373,164
49,16.502466,182
49,16.602401,163
49,16.702469,154
49,16.802430,170
49,16.902456,162
49,17.002438,156
49,17.102461,157
49,17.202486,137
49,17.302467,155
49,17.402402,140
49,17.502475,152
49,17.602423,151
49,17.702615,168
49,17.802408,164
49,17.902480,151
49,18.002376,149
49,18.102420,132
49,18.202430,126
49,18.302404,125
49,18.402428,146
49,18.502470,145
49,18.602376,131
49,18.702363,137
49,18.802434,139
49,18.902412,132
49,19.002468,108
49,19.102400,134
49,19.202678,117
49,19.302444,128
49,19.402459,107
49,19.502438,128
49,19.602460,124
49,19.702636,141
49,19.802366,135
49,19.902386,120
49,20.002400,121
49,20.102486,119
49,20.202456,135
49,20.302448,144
49,20.402501,121
49,20.502424,141
49,20.602462,129
49,20.702438,142
49,20.802465,153
49,20.902474,155
49,21.002497,137
49,21.102426,165
49,21.202538,149
49,21.302435,148
49,21.402399,167
49,21.502452,151
49,21.602452,169
49,21.703429,161
49,21.802438,160
49,21.902465,173
49,22.002624,147
49,22.102450,161
49,22.202832,160
49,22.302450,176
49,22.402429,160
49,22.502455,145
49,22.602406,172
49,22.702481,187
49,22.802521,186
49,22.902514,196
49,23.002416,192
49,23.102463,175
49,23.202460,169
49,23.302449,171
49,23.402411,191
49,23.502452,169
49,23.602438,165
49,23.702489,181
49,23.802501,173
49,23.902482,176
49,24.002475,155
49,24.102494,159
49,24.202529,188
49,24.302470,194
49,24.402417,178
49,24.502476,164
49,24.602559,174
49,24.702516,151
49,24.802450,173
49,24.902442,143
49,25.002480,170
49,25.102433,178
49,25.202498,146
49,25.302502,176
49,25.402454,145
49,25.502608,161
49,25.602449,162
49,25.702461,143
49,25.802474,164
49,25.902497,164
49,26.002509,142
49,26.102479,152
49,26.202461,168
49,26.302476,162
49,26.402476,159
49,26.502496,169
49,26.602496,145
49,26.702579,160
49,26.802493,145
49,26.902466,157
49,27.002494,152
49,27.102499,161
49,27.202540,171
49,27.302454,139
49,27.402472,146
49,27.502473,178
49,27.602468,156
49,27.702575,137
49,27.802492,157
49,27.902481,132
49,28.002479,163
49,28.102487,145
49,28.202509,158
49,28.302507,159
49,28.402488,124
49,28.502458,141
49,28.602506,138
49,28.702502,145
49,28.802567,167
49,28.902555,152
49,29.002480,150
49,29.102515,149
49,29.202670,130
49,29.302529,125
49,29.402530,149
49,29.502512,105
49,29.602480,137
49,29.702532,144
49,29.802581,149
49,29.902508,150
49,30.002481,144
49,30.102495,128
49,30.202531,138
49,30.302507,141
49,30.402494,150
49,30.503463,136
49,30.602487,138
49,30.702581,151
49,30.802470,140
49,30.902505,156
49,31.002506,126
49,31.102484,162
49,31.203272,164
49,31.302639,166
49,31.402531,129
49,31.502539,160
49,31.602529,139
49,31.702532,130
49,31.802508,150
49,31.902528,165
49,32.002508,174
49,32.102514,152
49,32.202530,147
49,32.302533,177
49,32.402499,173
49,32.502836,171
49,32.602582,162
49,32.703473,161
49,32.802540,167
49,32.902550,173
49,33.002595,144
49,33.102570,149
49,33.203057,166
49,33.302530,188
49,33.402617,155
49,33.502535,170
49,33.602539,164
49,33.702556,156
49,33.802526,137
49,33.902549,164
49,34.002528,164
49,34.102561,179
49,34.202569,171
49,34.302593,162
49,34.402556,147
49,34.502574,152
49,34.602560,177
49,34.702745,147
49,34.802529,158
49,34.902609,164
49,35.002570,151
49,35.102558,156
49,35.202569,171
49,35.302597,187
49,35.402535,163
49,35.502594,167
49,35.602597,134
49,35.702564,118
49,35.802539,165
49,35.902567,151
49,36.002579,140
49,36.102579,136
49,36.202571,139
49,36.302545,148
49,36.402513,121
49,36.502573,160
49,36.602550,124
49,36.702541,132
49,36.802553,133
49,36.902549,137
49,37.002517,118
49,37.102561,152
49,37.202515,141
49,37.302555,122
49,37.402563,105
49,37.502572,156
49,37.602566,132
49,37.702632,139
49,37.802605,157
49,37.902573,156
49,38.002557,123
49,38.102585,138
49,38.202617,117
49,38.302605,143
49,38.402622,141
49,38.502563,125
49,38.602571,140
49,38.702596,134
49,38.802746,132
49,38.902567,128
49,39.002701,123
49,39.102666,123
49,39.202607,154
49,39.302672,126
49,39.402663,116
49,39.502705,142
49,39.602518,130
49,39.702654,152
49,39.802667,114
49,39.902637,132
49,40.002635,131
49,40.102637,119
49,40.202635,133
49,40.302626,118
49,40.402608,138
49,40.502610,106
49,40.602608,107
49,40.702653,127
49,40.802693,112
49,40.902644,129
49,41.002607,131
49,41.102598,119
49,41.202642,147
49,41.302654,142
49,41.402642,134
49,41.502611,136
49,41.602624,132
49,41.702629,149
49,41.802640,155
49,41.902607,142
49,42.002617,134
49,42.102599,143
49,42.202598,146
49,42.302684,136
49,42.402672,142
49,42.502739,121
49,42.602744,168
49,42.702672,150
49,42.802690,133
49,42.902634,146
49,43.002599,146
49,43.102644,138
49,43.202604,146
49,43.302634,164
49,43.402659,153
49,43.502648,149
49,43.602597,158
49,43.702708,155
49,43.802620,142
49,43.902627,157
49,44.002610,143
49,44.102875,171
49,44.202589,173
49,44.302648,163
49,44.402601,153
49,44.502639,168
49,44.602637,160
49,44.702682,150
49,44.802645,152
49,44.902614,151
49,45.002615,127
49,45.102677,149
49,45.202649,122
49,45.302645,124
49,45.402675,134
49,45.502651,147
49,45.602673,131
49,45.702652,129
49,45.802606,132
49,45.902616,135
49,46.002679,130
49,46.102640,124
49,46.202656,125
49,46.302668,143
49,46.402716,175
49,46.502645,125
49,46.602671,153
49,46.702716,139
49,46.802644,127
49,46.902660,147
49,47.002671,140
49,47.102650,157
49,47.202637,151
49,47.302800,140
49,47.402668,150
49,47.502675,144
49,47.602662,141
49,47.702639,117
49,47.802661,167
49,47.902642,129
49,48.002678,139
49,48.102667,140
49,48.202665,151
49,48.302800,151
49,48.402666,171
49,48.502649,150
49,48.602880,163
49,48.702689,164
49,48.802627,164
49,48.902643,150
49,49.002679,191
49,49.102616,146
49,49.202757,167
49,49.302646,167
49,49.402695,175
49,49.502655,147
49,49.602665,160
49,49.702705,163
49,49.802703,161
49,49.902684,155
49,50.002688,165
49,50.102673,166
49,50.202648,137
49,50.302645,185
49,50.402664,142
49,50.502697,139
49,50.602664,173
49,50.702670,135
49,50.802688,169
49,50.902689,149
49,51.002672,132
49,51.102709,126
49,51.202692,125
49,51.302662,159
49,51.402710,146
49,51.502656,151
49,51.602689,147
49,51.702880,148
49,51.802680,124
49,51.902710,128
49,52.002687,141
49,52.102724,125
49,52.202764,145
49,52.302728,133
49,52.402715,114
49,52.502686,140
49,52.602751,144
49,52.702680,160
49,52.802643,126
49,52.902719,130
49,53.002712,128
49,53.102698,120
49,53.202729,128
49,53.302794,126
49,53.402690,152
49,53.502674,150
49,53.602677,167
49,53.702702,148
49,53.802690,155
49,53.903010,143
49,54.002774,132
49,54.102691,155
49,54.202748,133
49,54.302750,146
49,54.402742,148
49,54.502696,131
49,54.602712,135
49,54.702718,158
49,54.802680,151
49,54.902718,151
49,55.002725,136
49,55.102695,114
49,55.202741,65
49,55.302778,70
49,55.402715,71
49,55.502752,76
49,55.602709,61
49,55.702742,112
49,55.802777,136
49,55.902765,153
49,56.002818,124
49,56.102686,125
49,56.202762,120
49,56.302723,116
49,56.402710,118
49,56.502723,106
49,56.602746,92
49,56.702723,98
49,56.802729,101
49,56.902717,88
49,57.002768,84
49,57.102804,76
49,57.202776,59
49,57.302768,67
49,57.402686,63
49,57.502878,52
49,57.602754,57
49,57.702727,40
49,57.802800,27
49,57.902698,28
49,58.002688,33
49,58.102723,25
49,58.202708,20
49,58.302702,21
49,58.402693,24
49,58.502704,12
49,58.602740,15
49,58.702740,10
49,58.802712,13
49,58.902735,15
49,59.002751,8
49,59.102716,5
49,59.202716,11
49,59.302764,6
49,59.402782,7
49,59.502741,6
49,59.602743,11
49,59.702788,4
49,59.802743,5
49,59.902741,7
50,00.002759,7
50,00.102751,6
50,00.202749,6
50,00.302823,3
50,00.402722,5
50,00.502737,5
50,00.602722,6
50,00.702730,6
50,00.802806,6
50,00.902716,2
50,01.002805,2
50,01.102782,5
50,01.202763,4
50,01.302752,5
50,01.402788,2
50,01.502760,3
50,01.602764,6
50,01.702757,7
50,01.802724,4
50,01.902732,7
50,02.002754,10
50,02.102747,3
50,02.202756,3
50,02.302752,5
50,02.402757,1
50,02.502739,6
50,02.602769,2
50,02.702795,7
50,02.802920,5
50,02.902787,4
50,03.002790,4
50,03.102747,5
50,03.202821,2
50,03.302765,4
50,03.402755,7
50,03.502769,2
50,03.602764,4
50,03.702791,2
50,03.802811,3
50,03.902808,5
50,04.002725,4
50,04.102792,3
50,04.202802,5
50,04.302817,2
50,04.402836,4
50,04.502905,2
50,04.602816,4
50,04.702786,5
50,04.802789,1
50,04.902784,5
50,05.002810,3
50,05.102746,4
50,05.202904,3
50,05.302893,2
50,05.402826,2
50,05.502852,3
50,05.602801,6
50,05.702889,3
50,05.802821,6
50,05.902833,3
50,06.002870,6
50,06.102836,3
50,06.202901,4
50,06.302883,10
50,06.402822,3
50,06.502885,3
50,06.602869,5
50,06.702945,2
50,06.802907,1
50,06.903330,2
50,07.002985,4
50,07.102944,1
50,07.202955,6
50,07.302911,2
50,07.402913,7
50,07.502863,3
50,07.602912,5
50,07.702835,3
50,07.802881,5
50,07.905634,3
50,08.002926,6
50,08.102897,4
50,08.202911,8
50,08.302899,3
50,08.402894,1
50,08.502943,4
50,08.602924,2
50,08.702884,8
50,08.805872,4
50,08.907834,2
50,09.002841,3
50,09.102895,2
50,09.202874,2
50,09.302870,7
50,09.403004,1
50,09.502905,7
50,09.602903,3
50,09.702896,4
50,09.802839,5
50,09.902932,3
50,10.002920,5
50,10.103012,1
50,10.202934,3
50,10.302948,4
50,10.402960,4
50,10.502899,1
50,10.602961,0
50,10.702912,2
50,10.805262,7
50,10.902934,2
50,11.002924,2
50,11.102923,2
50,11.203008,2
50,11.303019,2
50,11.402900,5
50,11.503017,3
50,11.603148,2
50,11.703515,2
50,11.802938,1
50,11.903554,3
50,12.003912,3
50,12.102872,7
50,12.203023,4
50,12.303086,3
50,12.403015,4
50,12.503051,4
50,12.602896,2
50,12.703007,4
50,12.803098,4
50,12.903482,4
50,13.003023,2
50,13.103528,2
50,13.202872,8
50,13.303550,4
50,13.403038,3
50,13.503511,3
50,13.603539,5
50,13.703024,3
50,13.803320,3
50,13.903116,5
50,14.003059,4
50,14.102963,5
50,14.203024,2
50,14.303077,3
50,14.402957,2
50,14.502917,1
50,14.602883,3
50,14.702940,4
50,14.802881,3
50,14.902966,6
50,15.002905,2
50,15.103061,3
50,15.203088,0
50,15.303010,5
50,15.402896,4
50,15.503083,6
50,15.602995,1
50,15.703000,2
50,15.803188,4
50,15.902970,3
50,16.002971,2
50,16.103216,2
50,16.203083,2
50,16.303141,4
50,16.403027,4
50,16.502983,5
50,16.602978,1
50,16.702953,0
50,16.802958,6
50,16.903052,2
50,17.002932,3
50,17.102909,4
50,17.202945,3
50,17.303216,1
50,17.403064,2
50,17.503117,2
50,17.603038,5
50,17.702906,1
50,17.802987,1
50,17.902991,1
50,18.002905,2
50,18.103027,1
50,18.203199,7
50,18.302970,5
50,18.402866,2
50,18.503105,3
50,18.603012,5
50,18.703060,4
50,18.802901,3
50,18.903064,1
50,19.002956,4
50,19.102960,1
50,19.202949,4
50,19.302959,0
50,19.403037,1
50,19.502980,1
50,19.603019,4
50,19.702948,2
50,19.802949,3
50,19.903337,4
50,20.003549,3
50,20.106687,2
50,20.203714,4
50,20.303821,3
50,20.403800,2
50,20.503144,3
50,20.603224,5
50,20.702925,1
50,20.803674,6
50,20.903915,3
50,21.003443,0
50,21.103019,11
50,21.203879,5
50,21.303613,4
50,21.404156,1
50,21.502978,2
50,21.603669,4
50,21.703592,6
50,21.803204,3
50,21.903322,3
50,22.003666,6
50,22.103856,2
50,22.202891,0
50,22.303172,4
50,22.404053,0
50,22.503596,6
50,22.603185,3
50,22.703815,4
50,22.803276,4
50,22.904236,0
50,23.003445,3
50,23.103471,1
50,23.203672,4
50,23.303265,2
50,23.403661,3
50,23.503122,1
50,23.603187,0
50,23.702956,1
50,23.803013,4
50,23.903126,2
50,24.002930,1
50,24.102917,0
50,24.203731,1
50,24.302995,3
50,24.404713,4
50,24.503006,2
50,24.603047,7
50,24.703350,3
50,24.802968,1
50,24.903911,3
50,25.003456,1
50,25.103127,3
50,25.203022,2
50,25.302989,0
50,25.403113,3
50,25.503073,4
50,25.602990,2
50,25.702960,3
50,25.802980,1
50,25.902960,5
50,26.002985,1
50,26.103062,3
50,26.202970,2
50,26.303032,3
50,26.403075,2
50,26.502959,2
50,26.602966,0
50,26.703001,3
50,26.803035,2
50,26.903138,4
50,27.002988,3
50,27.103020,6
50,27.202940,2
50,27.302943,3
50,27.403212,5
50,27.502978,2
50,27.603013,3
50,27.703001,2
50,27.802985,0
50,27.903103,3
50,28.003822,3
50,28.103008,4
50,28.203084,4
50,28.303022,2
50,28.403017,5
50,28.503045,4
50,28.605560,2
50,28.703010,2
50,28.802974,0
50,28.903049,4
50,29.003037,2
50,29.103067,1
50,29.203011,0
50,29.303005,5
50,29.403226,3
50,29.502986,3
50,29.603072,1
50,29.703012,1
50,29.803010,2
50,29.903095,5
50,30.003049,3
50,30.103040,4
50,30.203060,4
50,30.303024,3
50,30.403020,2
50,30.503005,3
50,30.603064,2
50,30.703036,2
50,30.803030,3
50,30.902974,5
50,31.002985,0
50,31.103034,3
50,31.203010,3
50,31.303066,1
50,31.403117,5
50,31.502994,2
50,31.603359,6
50,31.703798,1
50,31.803092,2
50,31.903227,2
50,32.003111,4
50,32.103076,3
50,32.203059,2
50,32.302986,7
50,32.403170,3
50,32.503099,4
50,32.603062,5
50,32.703094,2
50,32.803070,2
50,32.903151,2
50,33.003046,4
50,33.103394,3
50,33.203149,3
50,33.303076,3
50,33.403060,3
50,33.503110,2
50,33.603076,6
50,33.703013,8
50,33.803049,2
